Protein,Protein ID,Baseline,Treatment_10000,Difference
sp|P21333|FLNA_HUMAN,P21333,184,0,-184
sp|P68032|ACTC_HUMAN,P68032,17,201,184
sp|P21333-2|FLNA_HUMAN,P21333-2,0,183,183
sp|P07355-2|ANXA2_HUMAN,P07355-2,0,175,175
sp|P07355|ANXA2_HUMAN,P07355,172,0,-172
sp|Q15149-4|PLEC_HUMAN,Q15149-4,0,160,160
sp|P60709|ACTB_HUMAN,P60709,296,149,-147
sp|O75369-8|FLNB_HUMAN,O75369-8,0,133,133
sp|O75369|FLNB_HUMAN,O75369,130,0,-130
sp|P11413|G6PD_HUMAN,P11413,124,0,-124
sp|P11413-2|G6PD_HUMAN,P11413-2,0,124,124
sp|P05787-2|K2C8_HUMAN,P05787-2,0,123,123
sp|P07437|TBB5_HUMAN,P07437,20,138,118
sp|P07900-2|HS90A_HUMAN,P07900-2,0,118,118
sp|Q13813-3|SPTN1_HUMAN,Q13813-3,0,113,113
sp|P02662|CASA1_BOVIN,P02662,0,112,112
sp|Q13813|SPTN1_HUMAN,Q13813,107,0,-107
sp|P68371|TBB4B_HUMAN,P68371,135,32,-103
sp|Q15149|PLEC_HUMAN,Q15149,92,0,-92
sp|P04075|ALDOA_HUMAN,P04075,86,0,-86
sp|P04075-2|ALDOA_HUMAN,P04075-2,0,85,85
sp|Q00610-2|CLH1_HUMAN,Q00610-2,0,85,85
sp|P18206|VINC_HUMAN,P18206,82,0,-82
sp|P52209-2|6PGD_HUMAN,P52209-2,0,80,80
sp|P05787|K2C8_HUMAN,P05787,77,0,-77
sp|P18206-2|VINC_HUMAN,P18206-2,0,74,74
sp|P78527|PRKDC_HUMAN,P78527,7,76,69
sp|P68366-2|TBA4A_HUMAN,P68366-2,0,66,66
sp|P52272|HNRPM_HUMAN,P52272,65,0,-65
sp|P60174-1|TPIS_HUMAN,P60174-1,0,65,65
sp|P52209|6PGD_HUMAN,P52209,64,0,-64
sp|P00338|LDHA_HUMAN,P00338,62,0,-62
sp|Q9BQE3|TBA1C_HUMAN,Q9BQE3,62,0,-62
sp|P60174|TPIS_HUMAN,P60174,61,0,-61
sp|P00338-3|LDHA_HUMAN,P00338-3,0,58,58
sp|Q01082-3|SPTB2_HUMAN,Q01082-3,0,58,58
sp|Q09666|AHNK_HUMAN,Q09666,204,149,-55
sp|Q00610|CLH1_HUMAN,Q00610,54,0,-54
sp|Q14980|NUMA1_HUMAN,Q14980,54,0,-54
sp|P52272-2|HNRPM_HUMAN,P52272-2,0,54,54
sp|P07900|HS90A_HUMAN,P07900,53,0,-53
sp|Q01082|SPTB2_HUMAN,Q01082,78,25,-53
sp|P06753-2|TPM3_HUMAN,P06753-2,0,52,52
sp|Q8WUM4-2|PDC6I_HUMAN,Q8WUM4-2,0,51,51
sp|Q8IVF2-3|AHNK2_HUMAN,Q8IVF2-3,0,50,50
sp|Q14204|DYHC1_HUMAN,Q14204,40,89,49
sp|P04406|G3P_HUMAN,P04406,99,144,45
sp|Q86UP2|KTN1_HUMAN,Q86UP2,45,0,-45
sp|Q00839-2|HNRPU_HUMAN,Q00839-2,0,45,45
sp|P37802|TAGL2_HUMAN,P37802,43,0,-43
sp|P49327|FAS_HUMAN,P49327,72,115,43
sp|Q8WUM4|PDC6I_HUMAN,Q8WUM4,43,0,-43
sp|P08195-2|4F2_HUMAN,P08195-2,0,43,43
sp|P22314-2|UBA1_HUMAN,P22314-2,0,43,43
sp|Q99880|H2B1L_HUMAN,Q99880,42,0,-42
sp|P26641-2|EF1G_HUMAN,P26641-2,0,42,42
sp|P02666|CASB_BOVIN,P02666,0,41,41
sp|P17844-2|DDX5_HUMAN,P17844-2,0,41,41
sp|P22392-2|NDKB_HUMAN,P22392-2,0,41,41
sp|P31939-2|PUR9_HUMAN,P31939-2,0,40,40
sp|P35221|CTNA1_HUMAN,P35221,39,0,-39
sp|Q8IVF2|AHNK2_HUMAN,Q8IVF2,39,0,-39
sp|P37802-2|TAGL2_HUMAN,P37802-2,0,39,39
sp|P55060|XPO2_HUMAN,P55060,38,0,-38
sp|P31327-3|CPSM_HUMAN,P31327-3,0,38,38
sp|Q14697-2|GANAB_HUMAN,Q14697-2,0,38,38
sp|P05783|K1C18_HUMAN,P05783,91,128,37
sp|P22314|UBA1_HUMAN,P22314,37,0,-37
sp|P27816|MAP4_HUMAN,P27816,37,0,-37
sp|Q14697|GANAB_HUMAN,Q14697,37,0,-37
sp|P35221-2|CTNA1_HUMAN,P35221-2,0,37,37
sp|Q14980-2|NUMA1_HUMAN,Q14980-2,0,37,37
sp|Q16891-2|MIC60_HUMAN,Q16891-2,0,37,37
tr|A0A1C7CYX9|A0A1C7CYX9_HUMAN,A0A1C7CYX9,0,37,37
sp|P08195|4F2_HUMAN,P08195,36,0,-36
sp|Q92598|HS105_HUMAN,Q92598,36,0,-36
sp|P31939|PUR9_HUMAN,P31939,35,0,-35
sp|Q12906|ILF3_HUMAN,Q12906,35,0,-35
sp|Q16891|MIC60_HUMAN,Q16891,35,0,-35
sp|P02663|CASA2_BOVIN,P02663,0,35,35
sp|P50995-2|ANX11_HUMAN,P50995-2,0,35,35
sp|Q16881-2|TRXR1_HUMAN,Q16881-2,0,35,35
sp|P00390|GSHR_HUMAN,P00390,34,0,-34
sp|P29692|EF1D_HUMAN,P29692,34,0,-34
sp|Q16881|TRXR1_HUMAN,Q16881,34,0,-34
sp|O00410-3|IPO5_HUMAN,O00410-3,0,34,34
sp|P07910-2|HNRPC_HUMAN,P07910-2,0,34,34
sp|P55060-3|XPO2_HUMAN,P55060-3,0,34,34
sp|Q86UP2-4|KTN1_HUMAN,Q86UP2-4,0,34,34
sp|Q92598-2|HS105_HUMAN,Q92598-2,0,34,34
sp|O14979|HNRDL_HUMAN,O14979,33,0,-33
sp|P06756|ITAV_HUMAN,P06756,33,0,-33
sp|P29692-2|EF1D_HUMAN,P29692-2,0,33,33
sp|O00410|IPO5_HUMAN,O00410,31,0,-31
sp|P07910|HNRPC_HUMAN,P07910,31,0,-31
sp|P15531|NDKA_HUMAN,P15531,31,0,-31
sp|P17844|DDX5_HUMAN,P17844,31,0,-31
sp|Q92896|GSLG1_HUMAN,Q92896,31,0,-31
sp|P02668|CASK_BOVIN,P02668,0,31,31
sp|Q12906-7|ILF3_HUMAN,Q12906-7,0,31,31
sp|P20810|ICAL_HUMAN,P20810,30,0,-30
sp|P26599|PTBP1_HUMAN,P26599,30,0,-30
sp|P27824|CALX_HUMAN,P27824,30,0,-30
sp|P00390-2|GSHR_HUMAN,P00390-2,0,30,30
sp|P55884-2|EIF3B_HUMAN,P55884-2,0,30,30
sp|P20810-10|ICAL_HUMAN,P20810-10,0,30,30
sp|P26641|EF1G_HUMAN,P26641,29,0,-29
sp|P50995|ANX11_HUMAN,P50995,29,0,-29
sp|P63241|IF5A1_HUMAN,P63241,29,0,-29
sp|O60716-11|CTND1_HUMAN,O60716-11,0,29,29
sp|P34897-3|GLYM_HUMAN,P34897-3,0,29,29
sp|Q01518-2|CAP1_HUMAN,Q01518-2,0,29,29
sp|Q14103-3|HNRPD_HUMAN,Q14103-3,0,29,29
sp|P08133|ANXA6_HUMAN,P08133,28,0,-28
sp|P28331|NDUS1_HUMAN,P28331,28,0,-28
sp|P31327|CPSM_HUMAN,P31327,28,0,-28
sp|Q16555|DPYL2_HUMAN,Q16555,28,0,-28
sp|P05023-3|AT1A1_HUMAN,P05023-3,0,28,28
sp|P22234-2|PUR6_HUMAN,P22234-2,0,28,28
sp|P34897|GLYM_HUMAN,P34897,27,0,-27
sp|P53621-2|COPA_HUMAN,P53621-2,0,27,27
sp|P63241-2|IF5A1_HUMAN,P63241-2,0,27,27
sp|Q14847-2|LASP1_HUMAN,Q14847-2,0,27,27
sp|P05023|AT1A1_HUMAN,P05023,26,0,-26
sp|P13639|EF2_HUMAN,P13639,58,84,26
sp|P22307|SCP2_HUMAN,P22307,26,0,-26
sp|P51991|ROA3_HUMAN,P51991,27,1,-26
sp|P63010|AP2B1_HUMAN,P63010,26,0,-26
sp|Q04637|IF4G1_HUMAN,Q04637,26,0,-26
sp|Q14533|KRT81_HUMAN,Q14533,26,0,-26
sp|Q14847|LASP1_HUMAN,Q14847,26,0,-26
sp|Q15084|PDIA6_HUMAN,Q15084,26,0,-26
sp|O43790|KRT86_HUMAN,O43790,0,26,26
sp|P00761|TRYP_PIG,P00761,0,26,26
sp|P20020-1|AT2B1_HUMAN,P20020-1,0,26,26
sp|P26599-2|PTBP1_HUMAN,P26599-2,0,26,26
sp|P27816-6|MAP4_HUMAN,P27816-6,0,26,26
sp|P60981-2|DEST_HUMAN,P60981-2,0,26,26
sp|P63010-2|AP2B1_HUMAN,P63010-2,0,26,26
sp|Q04637-8|IF4G1_HUMAN,Q04637-8,0,26,26
sp|Q14157-1|UBP2L_HUMAN,Q14157-1,0,26,26
sp|Q9NZM1-6|MYOF_HUMAN,Q9NZM1-6,0,26,26
sp|O60716|CTND1_HUMAN,O60716,25,0,-25
sp|P25786|PSA1_HUMAN,P25786,25,0,-25
sp|Q00839|HNRPU_HUMAN,Q00839,25,0,-25
sp|Q8NC51|PAIRB_HUMAN,Q8NC51,25,0,-25
sp|O14979-2|HNRDL_HUMAN,O14979-2,0,25,25
sp|O43795-2|MYO1B_HUMAN,O43795-2,0,25,25
sp|P25786-2|PSA1_HUMAN,P25786-2,0,25,25
sp|P60981|DEST_HUMAN,P60981,24,0,-24
sp|Q01518|CAP1_HUMAN,Q01518,24,0,-24
sp|Q14103|HNRPD_HUMAN,Q14103,24,0,-24
sp|Q14789|GOGB1_HUMAN,Q14789,24,0,-24
sp|Q15717|ELAV1_HUMAN,Q15717,24,0,-24
sp|P06756-2|ITAV_HUMAN,P06756-2,0,24,24
sp|P07951-2|TPM2_HUMAN,P07951-2,0,24,24
sp|P27824-2|CALX_HUMAN,P27824-2,0,24,24
sp|P30048-2|PRDX3_HUMAN,P30048-2,0,24,24
sp|P40925-3|MDHC_HUMAN,P40925-3,0,24,24
sp|Q27J81-2|INF2_HUMAN,Q27J81-2,0,24,24
sp|O43390|HNRPR_HUMAN,O43390,23,0,-23
sp|P14314|GLU2B_HUMAN,P14314,23,0,-23
sp|P30048|PRDX3_HUMAN,P30048,23,0,-23
sp|P35232|PHB1_HUMAN,P35232,23,0,-23
sp|P35241|RADI_HUMAN,P35241,23,0,-23
sp|P57053|H2BFS_HUMAN,P57053,2,25,23
sp|Q14157|UBP2L_HUMAN,Q14157,23,0,-23
sp|Q9BZF9|UACA_HUMAN,Q9BZF9,23,0,-23
sp|O00159-2|MYO1C_HUMAN,O00159-2,0,23,23
sp|O95831-3|AIFM1_HUMAN,O95831-3,0,23,23
sp|P08133-2|ANXA6_HUMAN,P08133-2,0,23,23
tr|A0A1W2PQM2|A0A1W2PQM2_HUMAN,A0A1W2PQM2,0,23,23
sp|P22234|PUR6_HUMAN,P22234,22,0,-22
sp|P53396|ACLY_HUMAN,P53396,46,68,22
sp|Q16851|UGPA_HUMAN,Q16851,22,0,-22
sp|Q96TA1|NIBA2_HUMAN,Q96TA1,22,0,-22
sp|Q9BUJ2|HNRL1_HUMAN,Q9BUJ2,22,0,-22
sp|P06899|H2B1J_HUMAN,P06899,6,28,22
sp|O94925-3|GLSK_HUMAN,O94925-3,0,22,22
sp|P14314-2|GLU2B_HUMAN,P14314-2,0,22,22
sp|P16070-10|CD44_HUMAN,P16070-10,0,22,22
sp|P49321-3|NASP_HUMAN,P49321-3,0,22,22
sp|Q14914-2|PTGR1_HUMAN,Q14914-2,0,22,22
sp|Q92896-2|GSLG1_HUMAN,Q92896-2,0,22,22
sp|O94925|GLSK_HUMAN,O94925,21,0,-21
sp|P20073|ANXA7_HUMAN,P20073,21,0,-21
sp|P22570|ADRO_HUMAN,P22570,21,0,-21
sp|P49748|ACADV_HUMAN,P49748,21,0,-21
sp|Q14914|PTGR1_HUMAN,Q14914,21,0,-21
sp|Q9HC38|GLOD4_HUMAN,Q9HC38,21,0,-21
sp|P15170-2|ERF3A_HUMAN,P15170-2,0,21,21
sp|P22307-7|NLTP_HUMAN,P22307-7,0,21,21
sp|P35241-5|RADI_HUMAN,P35241-5,0,21,21
sp|P47756-2|CAPZB_HUMAN,P47756-2,0,21,21
sp|P49419-2|AL7A1_HUMAN,P49419-2,0,21,21
sp|P84103-2|SRSF3_HUMAN,P84103-2,0,21,21
sp|Q14008-2|CKAP5_HUMAN,Q14008-2,0,21,21
sp|Q9HC38-2|GLOD4_HUMAN,Q9HC38-2,0,21,21
sp|O95831|AIFM1_HUMAN,O95831,20,0,-20
sp|P14618|KPYM_HUMAN,P14618,110,130,20
sp|P20020|AT2B1_HUMAN,P20020,20,0,-20
sp|P21399|ACOHC_HUMAN,P21399,20,0,-20
sp|P28838|AMPL_HUMAN,P28838,20,0,-20
sp|P35579|MYH9_HUMAN,P35579,135,155,20
sp|P47756|CAPZB_HUMAN,P47756,20,0,-20
sp|P49321|NASP_HUMAN,P49321,20,0,-20
sp|P60660|MYL6_HUMAN,P60660,20,0,-20
sp|P67936|TPM4_HUMAN,P67936,47,27,-20
sp|P68366|TBA4A_HUMAN,P68366,20,0,-20
sp|Q13439|GOGA4_HUMAN,Q13439,20,0,-20
sp|Q13596|SNX1_HUMAN,Q13596,20,0,-20
sp|Q14008|CKAP5_HUMAN,Q14008,20,0,-20
sp|Q27J81|INF2_HUMAN,Q27J81,20,0,-20
sp|Q9Y3F4|STRAP_HUMAN,Q9Y3F4,20,0,-20
sp|P20073-2|ANXA7_HUMAN,P20073-2,0,20,20
sp|P28331-2|NDUS1_HUMAN,P28331-2,0,20,20
sp|P35232|PHB_HUMAN,P35232,0,20,20
sp|P51991-2|ROA3_HUMAN,P51991-2,0,20,20
sp|Q13085-4|ACACA_HUMAN,Q13085-4,0,20,20
sp|Q68CZ2-2|TENS3_HUMAN,Q68CZ2-2,0,20,20
sp|Q99729-3|ROAA_HUMAN,Q99729-3,0,20,20
sp|Q9BUJ2-2|HNRL1_HUMAN,Q9BUJ2-2,0,20,20
sp|Q9Y262-2|EIF3L_HUMAN,Q9Y262-2,0,20,20
sp|O60664|PLIN3_HUMAN,O60664,19,0,-19
sp|O60763|USO1_HUMAN,O60763,19,0,-19
sp|P11142|HSP7C_HUMAN,P11142,81,100,19
sp|P25788|PSA3_HUMAN,P25788,19,0,-19
sp|P27708|PYR1_HUMAN,P27708,12,31,19
sp|P30622|CLIP1_HUMAN,P30622,19,0,-19
sp|P40925|MDHC_HUMAN,P40925,19,0,-19
sp|P49419|AL7A1_HUMAN,P49419,19,0,-19
sp|P51648|AL3A2_HUMAN,P51648,19,0,-19
sp|P61289|PSME3_HUMAN,P61289,19,0,-19
sp|P78344|IF4G2_HUMAN,P78344,19,0,-19
sp|Q02952|AKA12_HUMAN,Q02952,19,0,-19
sp|Q12860|CNTN1_HUMAN,Q12860,19,0,-19
sp|Q13838|DX39B_HUMAN,Q13838,19,0,-19
sp|O00231-2|PSD11_HUMAN,O00231-2,0,19,19
sp|P09496-2|CLCA_HUMAN,P09496-2,0,19,19
sp|P28838-2|AMPL_HUMAN,P28838-2,0,19,19
sp|P50570-2|DYN2_HUMAN,P50570-2,0,19,19
sp|P55209-2|NP1L1_HUMAN,P55209-2,0,19,19
sp|Q06210-2|GFPT1_HUMAN,Q06210-2,0,19,19
sp|Q7Z6Z7-2|HUWE1_HUMAN,Q7Z6Z7-2,0,19,19
sp|O00429|DNM1L_HUMAN,O00429,18,0,-18
sp|O00469|PLOD2_HUMAN,O00469,18,0,-18
sp|O14974|MYPT1_HUMAN,O14974,18,0,-18
sp|P07951|TPM2_HUMAN,P07951,19,1,-18
sp|P35637|FUS_HUMAN,P35637,18,0,-18
sp|P84103|SRSF3_HUMAN,P84103,18,0,-18
sp|Q15424|SAFB1_HUMAN,Q15424,18,0,-18
sp|Q7L1Q6|5MP2_HUMAN,Q7L1Q6,18,0,-18
sp|Q92823|NRCAM_HUMAN,Q92823,18,0,-18
sp|Q9UKV3|ACINU_HUMAN,Q9UKV3,18,0,-18
sp|Q9UNF0|PACN2_HUMAN,Q9UNF0,18,0,-18
sp|O60664-3|PLIN3_HUMAN,O60664-3,0,18,18
sp|P33527-3|MRP1_HUMAN,P33527-3,0,18,18
sp|P78344-2|IF4G2_HUMAN,P78344-2,0,18,18
sp|Q15084-2|PDIA6_HUMAN,Q15084-2,0,18,18
sp|Q7L1Q6-3|BZW1_HUMAN,Q7L1Q6-3,0,18,18
sp|Q8NC51-3|PAIRB_HUMAN,Q8NC51-3,0,18,18
sp|O60610|DIAP1_HUMAN,O60610,17,0,-17
sp|P23381|SYWC_HUMAN,P23381,17,0,-17
sp|P50570|DYN2_HUMAN,P50570,17,0,-17
sp|P54819|KAD2_HUMAN,P54819,17,0,-17
sp|P55084|ECHB_HUMAN,P55084,17,0,-17
sp|Q01813|PFKAP_HUMAN,Q01813,30,47,17
sp|Q08211|DHX9_HUMAN,Q08211,12,29,17
sp|Q13561|DCTN2_HUMAN,Q13561,17,0,-17
sp|Q16181|SEPT7_HUMAN,Q16181,17,0,-17
sp|Q16401|PSMD5_HUMAN,Q16401,17,0,-17
sp|Q68CZ2|TENS3_HUMAN,Q68CZ2,17,0,-17
sp|O60763-2|USO1_HUMAN,O60763-2,0,17,17
sp|O95347-2|SMC2_HUMAN,O95347-2,0,17,17
sp|O95782-2|AP2A1_HUMAN,O95782-2,0,17,17
sp|P18621-3|RL17_HUMAN,P18621-3,0,17,17
sp|P60866-2|RS20_HUMAN,P60866-2,0,17,17
sp|P61289-2|PSME3_HUMAN,P61289-2,0,17,17
sp|Q12904-2|AIMP1_HUMAN,Q12904-2,0,17,17
sp|Q13838-2|DX39B_HUMAN,Q13838-2,0,17,17
sp|Q16401-2|PSMD5_HUMAN,Q16401-2,0,17,17
sp|Q16851-2|UGPA_HUMAN,Q16851-2,0,17,17
sp|Q9UKV3-5|ACINU_HUMAN,Q9UKV3-5,0,17,17
sp|Q9ULV4-2|COR1C_HUMAN,Q9ULV4-2,0,17,17
sp|O43795|MYO1B_HUMAN,O43795,16,0,-16
sp|O60218|AK1BA_HUMAN,O60218,126,142,16
sp|P00558|PGK1_HUMAN,P00558,103,87,-16
sp|P09496|CLCA_HUMAN,P09496,16,0,-16
sp|P16070|CD44_HUMAN,P16070,16,0,-16
sp|P30044|PRDX5_HUMAN,P30044,16,0,-16
sp|P38646|GRP75_HUMAN,P38646,88,72,-16
sp|P62701|RS4X_HUMAN,P62701,18,34,16
sp|Q99729|ROAA_HUMAN,Q99729,16,0,-16
sp|P10412|H14_HUMAN,P10412,4,20,16
sp|O60610-2|DIAP1_HUMAN,O60610-2,0,16,16
sp|P22570-3|ADRO_HUMAN,P22570-3,0,16,16
sp|P23381-2|SYWC_HUMAN,P23381-2,0,16,16
sp|P35580-2|MYH10_HUMAN,P35580-2,0,16,16
sp|P35637-2|FUS_HUMAN,P35637-2,0,16,16
sp|P43487-2|RANG_HUMAN,P43487-2,0,16,16
sp|P47897-2|SYQ_HUMAN,P47897-2,0,16,16
sp|P49748-2|ACADV_HUMAN,P49748-2,0,16,16
sp|P49915-2|GUAA_HUMAN,P49915-2,0,16,16
sp|P55084-2|ECHB_HUMAN,P55084-2,0,16,16
sp|P60660-2|MYL6_HUMAN,P60660-2,0,16,16
sp|P63000-2|RAC1_HUMAN,P63000-2,0,16,16
sp|Q92900-2|RENT1_HUMAN,Q92900-2,0,16,16
sp|Q9Y3F4-2|STRAP_HUMAN,Q9Y3F4-2,0,16,16
sp|O14776|TCRG1_HUMAN,O14776,15,0,-15
sp|P07237|PDIA1_HUMAN,P07237,80,65,-15
sp|P14678|RSMB_HUMAN,P14678,15,0,-15
sp|P25325|THTM_HUMAN,P25325,15,0,-15
sp|P26639|SYTC_HUMAN,P26639,15,30,15
sp|P33527|MRP1_HUMAN,P33527,15,0,-15
sp|P41227|NAA10_HUMAN,P41227,15,0,-15
sp|P41252|SYIC_HUMAN,P41252,7,22,15
sp|P55786|PSA_HUMAN,P55786,15,30,15
sp|P62328|TYB4_HUMAN,P62328,39,24,-15
sp|P63104|1433Z_HUMAN,P63104,67,52,-15
sp|Q12904|AIMP1_HUMAN,Q12904,15,0,-15
sp|Q9BXP5|SRRT_HUMAN,Q9BXP5,15,0,-15
sp|Q9Y490|TLN1_HUMAN,Q9Y490,111,96,-15
sp|O00469-2|PLOD2_HUMAN,O00469-2,0,15,15
sp|O43390-2|HNRPR_HUMAN,O43390-2,0,15,15
sp|P21399|ACOC_HUMAN,P21399,0,15,15
sp|P22061-2|PIMT_HUMAN,P22061-2,0,15,15
sp|P25788-2|PSA3_HUMAN,P25788-2,0,15,15
sp|P51648-2|AL3A2_HUMAN,P51648-2,0,15,15
sp|P54578-2|UBP14_HUMAN,P54578-2,0,15,15
sp|P61201-2|CSN2_HUMAN,P61201-2,0,15,15
sp|P78347-2|GTF2I_HUMAN,P78347-2,0,15,15
sp|Q14789-2|GOGB1_HUMAN,Q14789-2,0,15,15
sp|Q15019-2|SEPT2_HUMAN,Q15019-2,0,15,15
sp|Q15717-2|ELAV1_HUMAN,Q15717-2,0,15,15
sp|Q9BXP5-2|SRRT_HUMAN,Q9BXP5-2,0,15,15
sp|A0MZ66|SHOT1_HUMAN,A0MZ66,14,0,-14
sp|O43852|CALU_HUMAN,O43852,14,0,-14
sp|P00352|AL1A1_HUMAN,P00352,207,221,14
sp|P07602|SAP_HUMAN,P07602,14,0,-14
sp|P43487|RANG_HUMAN,P43487,14,0,-14
sp|P49915|GUAA_HUMAN,P49915,14,0,-14
sp|P51570|GALK1_HUMAN,P51570,14,0,-14
sp|P51572|BAP31_HUMAN,P51572,14,0,-14
sp|P55011|S12A2_HUMAN,P55011,14,0,-14
sp|P60842|IF4A1_HUMAN,P60842,31,45,14
sp|P62424|RL7A_HUMAN,P62424,17,31,14
sp|P62633|CNBP_HUMAN,P62633,14,0,-14
sp|P63000|RAC1_HUMAN,P63000,14,0,-14
sp|Q15019|SEPT2_HUMAN,Q15019,14,0,-14
sp|Q16698|DECR_HUMAN,Q16698,14,0,-14
sp|Q5JRA6|TGO1_HUMAN,Q5JRA6,14,0,-14
sp|Q9NVA2|SEP11_HUMAN,Q9NVA2,14,0,-14
sp|Q9P0K7|RAI14_HUMAN,Q9P0K7,14,0,-14
sp|Q9Y305|ACOT9_HUMAN,Q9Y305,14,0,-14
sp|A0MZ66-3|SHOT1_HUMAN,A0MZ66-3,0,14,14
sp|O14776-2|TCRG1_HUMAN,O14776-2,0,14,14
sp|O60271-4|JIP4_HUMAN,O60271-4,0,14,14
sp|P08243-2|ASNS_HUMAN,P08243-2,0,14,14
sp|P41227-2|NAA10_HUMAN,P41227-2,0,14,14
sp|P51572-2|BAP31_HUMAN,P51572-2,0,14,14
sp|P55265-4|DSRAD_HUMAN,P55265-4,0,14,14
sp|P55327-2|TPD52_HUMAN,P55327-2,0,14,14
sp|Q12931-2|TRAP1_HUMAN,Q12931-2,0,14,14
sp|Q13561-2|DCTN2_HUMAN,Q13561-2,0,14,14
sp|Q14444-2|CAPR1_HUMAN,Q14444-2,0,14,14
sp|Q15366-3|PCBP2_HUMAN,Q15366-3,0,14,14
sp|Q15907-2|RB11B_HUMAN,Q15907-2,0,14,14
sp|Q92614-4|MY18A_HUMAN,Q92614-4,0,14,14
sp|Q92973-2|TNPO1_HUMAN,Q92973-2,0,14,14
sp|Q9NZB2-4|F120A_HUMAN,Q9NZB2-4,0,14,14
sp|Q9UNF0-2|PACN2_HUMAN,Q9UNF0-2,0,14,14
sp|Q9Y5B9|SP16H_HUMAN,Q9Y5B9,0,14,14
sp|O00429-2|DNM1L_HUMAN,O00429-2,0,14,14
sp|O00159|MYO1C_HUMAN,O00159,13,0,-13
sp|P06753|TPM3_HUMAN,P06753,13,0,-13
sp|P12270|TPR_HUMAN,P12270,63,50,-13
sp|P15170|ERF3A_HUMAN,P15170,13,0,-13
sp|P20290|BTF3_HUMAN,P20290,13,0,-13
sp|P23526|SAHH_HUMAN,P23526,20,33,13
sp|P32322|P5CR1_HUMAN,P32322,13,0,-13
sp|P38117|ETFB_HUMAN,P38117,42,29,-13
sp|P46821|MAP1B_HUMAN,P46821,34,47,13
sp|P47897|SYQ_HUMAN,P47897,13,0,-13
sp|P52594|AGFG1_HUMAN,P52594,13,0,-13
sp|P52597|HNRPF_HUMAN,P52597,12,25,13
sp|P52948|NUP98_HUMAN,P52948,13,0,-13
sp|P55209|NP1L1_HUMAN,P55209,13,0,-13
sp|P60866|RS20_HUMAN,P60866,13,0,-13
sp|P67809|YBOX1_HUMAN,P67809,10,23,13
sp|P80303|NUCB2_HUMAN,P80303,13,0,-13
sp|Q05682|CALD1_HUMAN,Q05682,13,0,-13
sp|Q12931|TRAP1_HUMAN,Q12931,13,0,-13
sp|Q13310|PABP4_HUMAN,Q13310,13,0,-13
sp|Q13509|TBB3_HUMAN,Q13509,5,18,13
sp|Q13740|CD166_HUMAN,Q13740,13,0,-13
sp|Q6WCQ1|MPRIP_HUMAN,Q6WCQ1,13,0,-13
sp|Q7Z6Z7|HUWE1_HUMAN,Q7Z6Z7,13,0,-13
sp|Q8WWM7|ATX2L_HUMAN,Q8WWM7,13,0,-13
sp|Q9H2U2|IPYR2_HUMAN,Q9H2U2,13,0,-13
sp|Q9Y262|EIF3L_HUMAN,Q9Y262,13,0,-13
sp|O75643|U520_HUMAN,O75643,0,13,13
sp|P07602-2|SAP_HUMAN,P07602-2,0,13,13
sp|P14678-2|RSMB_HUMAN,P14678-2,0,13,13
sp|P30622-1|CLIP1_HUMAN,P30622-1,0,13,13
sp|P54819-2|KAD2_HUMAN,P54819-2,0,13,13
sp|P55011-3|S12A2_HUMAN,P55011-3,0,13,13
sp|Q13098-5|CSN1_HUMAN,Q13098-5,0,13,13
sp|Q13439-3|GOGA4_HUMAN,Q13439-3,0,13,13
sp|Q15424-2|SAFB1_HUMAN,Q15424-2,0,13,13
sp|Q6P2Q9|PRP8_HUMAN,Q6P2Q9,0,13,13
sp|Q96TA1-2|NIBL1_HUMAN,Q96TA1-2,0,13,13
sp|Q9BZF9-2|UACA_HUMAN,Q9BZF9-2,0,13,13
sp|Q9NR30|DDX21_HUMAN,Q9NR30,0,13,13
sp|Q9NUQ9|FA49B_HUMAN,Q9NUQ9,0,13,13
sp|Q9NVI7-2|ATD3A_HUMAN,Q9NVI7-2,0,13,13
sp|Q9UJU6-2|DBNL_HUMAN,Q9UJU6-2,0,13,13
sp|O00231|PSD11_HUMAN,O00231,12,0,-12
sp|O43707|ACTN4_HUMAN,O43707,128,140,12
sp|O60701|UGDH_HUMAN,O60701,43,55,12
sp|O95347|SMC2_HUMAN,O95347,12,0,-12
sp|P05141|ADT2_HUMAN,P05141,23,35,12
sp|P06744|G6PI_HUMAN,P06744,60,72,12
sp|P09493|TPM1_HUMAN,P09493,12,0,-12
sp|P18124|RL7_HUMAN,P18124,8,20,12
sp|P18621|RL17_HUMAN,P18621,12,0,-12
sp|P22061|PIMT_HUMAN,P22061,12,0,-12
sp|P22392|NDKB_HUMAN,P22392,12,0,-12
sp|P31943|HNRH1_HUMAN,P31943,33,21,-12
sp|P34932|HSP74_HUMAN,P34932,38,50,12
sp|P35606|COPB2_HUMAN,P35606,5,17,12
sp|P40429|RL13A_HUMAN,P40429,8,20,12
sp|P48506|GSH1_HUMAN,P48506,7,19,12
sp|P61201|CSN2_HUMAN,P61201,12,0,-12
sp|P62491|RB11A_HUMAN,P62491,12,0,-12
sp|Q01581|HMCS1_HUMAN,Q01581,3,15,12
sp|Q07866|KLC1_HUMAN,Q07866,12,0,-12
sp|Q32MZ4|LRRF1_HUMAN,Q32MZ4,12,0,-12
sp|Q4V328|GRAP1_HUMAN,Q4V328,12,0,-12
sp|Q7KZF4|SND1_HUMAN,Q7KZF4,20,32,12
sp|Q8IX12|CCAR1_HUMAN,Q8IX12,12,0,-12
sp|Q9H6S3|ES8L2_HUMAN,Q9H6S3,12,0,-12
sp|Q9H910|JUPI2_HUMAN,Q9H910,12,0,-12
sp|Q9NZM1|MYOF_HUMAN,Q9NZM1,12,0,-12
sp|Q9UJU6|DBNL_HUMAN,Q9UJU6,12,0,-12
sp|Q9Y520|PRC2C_HUMAN,Q9Y520,12,0,-12
sp|Q9UNX3|RL26L_HUMAN,Q9UNX3,1,13,12
sp|O15371-2|EIF3D_HUMAN,O15371-2,0,12,12
sp|O43852-3|CALU_HUMAN,O43852-3,0,12,12
sp|P09104-2|ENOG_HUMAN,P09104-2,0,12,12
sp|P25205-2|MCM3_HUMAN,P25205-2,0,12,12
sp|P25325-2|THTM_HUMAN,P25325-2,0,12,12
sp|P30044-2|PRDX5_HUMAN,P30044-2,0,12,12
sp|P48739-3|PIPNB_HUMAN,P48739-3,0,12,12
sp|P51570-2|GALK1_HUMAN,P51570-2,0,12,12
sp|Q00325-2|MPCP_HUMAN,Q00325-2,0,12,12
sp|Q05682-3|CALD1_HUMAN,Q05682-3,0,12,12
sp|Q08J23-2|NSUN2_HUMAN,Q08J23-2,0,12,12
sp|Q13310-2|PABP4_HUMAN,Q13310-2,0,12,12
sp|Q14203-2|DCTN1_HUMAN,Q14203-2,0,12,12
sp|Q15029-2|U5S1_HUMAN,Q15029-2,0,12,12
sp|Q16181-2|SEPT7_HUMAN,Q16181-2,0,12,12
sp|Q16698-2|DECR_HUMAN,Q16698-2,0,12,12
sp|Q4V328-4|GRAP1_HUMAN,Q4V328-4,0,12,12
sp|Q63HN8-4|RN213_HUMAN,Q63HN8-4,0,12,12
sp|Q70UQ0-4|IKIP_HUMAN,Q70UQ0-4,0,12,12
sp|Q8TEX9-2|IPO4_HUMAN,Q8TEX9-2,0,12,12
sp|Q92823-3|NRCAM_HUMAN,Q92823-3,0,12,12
sp|Q92888-2|ARHG1_HUMAN,Q92888-2,0,12,12
sp|Q9H910-3|JUPI2_HUMAN,Q9H910-3,0,12,12
sp|Q9UPT5-1|EXOC7_HUMAN,Q9UPT5-1,0,12,12
sp|Q9Y520-4|PRC2C_HUMAN,Q9Y520-4,0,12,12
sp|Q9Y6E2|BZW2_HUMAN,Q9Y6E2,0,12,12
tr|A0A024R4E5|A0A024R4E5_HUMAN,A0A024R4E5,0,12,12
sp|P09493-10|TPM1_HUMAN,P09493-10,0,12,12
sp|O00151|PDLI1_HUMAN,O00151,30,19,-11
sp|P07954|FUMH_HUMAN,P07954,11,0,-11
sp|P12268|IMDH2_HUMAN,P12268,15,26,11
sp|P13010|XRCC5_HUMAN,P13010,11,22,11
sp|P15586|GNS_HUMAN,P15586,11,0,-11
sp|P16278|BGAL_HUMAN,P16278,11,0,-11
sp|P26640|SYVC_HUMAN,P26640,10,21,11
sp|P35249|RFC4_HUMAN,P35249,11,0,-11
sp|P35613|BASI_HUMAN,P35613,11,0,-11
sp|P51148|RAB5C_HUMAN,P51148,11,0,-11
sp|P53621|COPA_HUMAN,P53621,11,0,-11
sp|P54136|SYRC_HUMAN,P54136,17,28,11
sp|P55884|EIF3B_HUMAN,P55884,11,0,-11
sp|P61247|RS3A_HUMAN,P61247,29,40,11
sp|P78347|GTF2I_HUMAN,P78347,11,0,-11
sp|Q00325|MPCP_HUMAN,Q00325,11,0,-11
sp|Q06210|GFPT1_HUMAN,Q06210,11,0,-11
sp|Q07666|KHDR1_HUMAN,Q07666,11,0,-11
sp|Q14444|CAPR1_HUMAN,Q14444,11,0,-11
sp|Q15637|SF01_HUMAN,Q15637,11,0,-11
sp|Q3ZCQ8|TIM50_HUMAN,Q3ZCQ8,11,0,-11
sp|Q6P996|PDXD1_HUMAN,Q6P996,11,0,-11
sp|Q8TBA6|GOGA5_HUMAN,Q8TBA6,11,0,-11
sp|Q92614|MY18A_HUMAN,Q92614,11,0,-11
sp|Q92616|GCN1_HUMAN,Q92616,15,26,11
sp|Q9H4G0|E41L1_HUMAN,Q9H4G0,3,14,11
sp|Q9NUQ9|CYRIB_HUMAN,Q9NUQ9,11,0,-11
sp|Q9NVI7|ATD3A_HUMAN,Q9NVI7,11,0,-11
sp|Q9Y6E0|STK24_HUMAN,Q9Y6E0,11,0,-11
sp|O14974-2|MYPT1_HUMAN,O14974-2,0,11,11
sp|O75534-2|CSDE1_HUMAN,O75534-2,0,11,11
sp|P02769|ALBU_BOVIN,P02769,0,11,11
sp|P08559-2|ODPA_HUMAN,P08559-2,0,11,11
sp|P11177-2|ODPB_HUMAN,P11177-2,0,11,11
sp|P16615-2|AT2A2_HUMAN,P16615-2,0,11,11
sp|P32322-3|P5CR1_HUMAN,P32322-3,0,11,11
sp|P62873-2|GBB1_HUMAN,P62873-2,0,11,11
sp|Q12860-2|CNTN1_HUMAN,Q12860-2,0,11,11
sp|Q13740-2|CD166_HUMAN,Q13740-2,0,11,11
sp|Q15056-2|IF4H_HUMAN,Q15056-2,0,11,11
sp|Q15067-2|ACOX1_HUMAN,Q15067-2,0,11,11
sp|Q15185-3|TEBP_HUMAN,Q15185-3,0,11,11
sp|Q15637-6|SF01_HUMAN,Q15637-6,0,11,11
sp|Q9BY44-3|EIF2A_HUMAN,Q9BY44-3,0,11,11
sp|Q9NYF8-2|BCLF1_HUMAN,Q9NYF8-2,0,11,11
sp|Q9UKM9-2|RALY_HUMAN,Q9UKM9-2,0,11,11
sp|Q9Y305-2|ACOT9_HUMAN,Q9Y305-2,0,11,11
sp|Q9Y6E0-2|STK24_HUMAN,Q9Y6E0-2,0,11,11
tr|J3KNF8|J3KNF8_HUMAN,J3KNF8,0,11,11
sp|O15027|SC16A_HUMAN,O15027,10,0,-10
sp|O43143|DHX15_HUMAN,O43143,3,13,10
sp|O60313|OPA1_HUMAN,O60313,10,0,-10
sp|O75534|CSDE1_HUMAN,O75534,10,0,-10
sp|O95758|PTBP3_HUMAN,O95758,10,0,-10
sp|P04083|ANXA1_HUMAN,P04083,130,120,-10
sp|P09543|CN37_HUMAN,P09543,10,0,-10
sp|P0DMM9|ST1A3_HUMAN,P0DMM9,10,0,-10
sp|P11216|PYGB_HUMAN,P11216,15,25,10
sp|P20340|RAB6A_HUMAN,P20340,10,0,-10
sp|P21796|VDAC1_HUMAN,P21796,32,42,10
sp|P27348|1433T_HUMAN,P27348,37,47,10
sp|P30626|SORCN_HUMAN,P30626,10,0,-10
sp|P31947|1433S_HUMAN,P31947,10,0,-10
sp|P33240|CSTF2_HUMAN,P33240,10,0,-10
sp|P36542|ATPG_HUMAN,P36542,10,0,-10
sp|P46781|RS9_HUMAN,P46781,16,26,10
sp|P48739|PIPNB_HUMAN,P48739,10,0,-10
sp|P49023|PAXI_HUMAN,P49023,10,0,-10
sp|P49589|SYCC_HUMAN,P49589,10,0,-10
sp|P51610|HCFC1_HUMAN,P51610,10,0,-10
sp|P53990|IST1_HUMAN,P53990,10,0,-10
sp|P61254|RL26_HUMAN,P61254,10,0,-10
sp|P68104|EF1A1_HUMAN,P68104,63,73,10
sp|P98088|MUC5A_HUMAN,P98088,10,0,-10
sp|Q02878|RL6_HUMAN,Q02878,28,38,10
sp|Q13492|PICAL_HUMAN,Q13492,10,0,-10
sp|Q14244|MAP7_HUMAN,Q14244,10,0,-10
sp|Q14671|PUM1_HUMAN,Q14671,10,0,-10
sp|Q15067|ACOX1_HUMAN,Q15067,10,0,-10
sp|Q15366|PCBP2_HUMAN,Q15366,10,0,-10
sp|Q16629|SRSF7_HUMAN,Q16629,10,0,-10
sp|Q16630|CPSF6_HUMAN,Q16630,10,0,-10
sp|Q5JRX3|PREP_HUMAN,Q5JRX3,10,0,-10
sp|Q6Y7W6|GGYF2_HUMAN,Q6Y7W6,10,0,-10
sp|Q6YN16|HSDL2_HUMAN,Q6YN16,10,0,-10
sp|Q86X76|NIT1_HUMAN,Q86X76,10,0,-10
sp|Q8WX93|PALLD_HUMAN,Q8WX93,10,0,-10
sp|Q92900|RENT1_HUMAN,Q92900,10,0,-10
sp|Q9BUP3|HTAI2_HUMAN,Q9BUP3,10,0,-10
sp|Q9GZT3|SLIRP_HUMAN,Q9GZT3,10,0,-10
sp|Q9NR28|DBLOH_HUMAN,Q9NR28,10,0,-10
sp|Q9NTJ3|SMC4_HUMAN,Q9NTJ3,2,12,10
sp|Q9UHX1|PUF60_HUMAN,Q9UHX1,10,0,-10
sp|Q9UKM9|RALY_HUMAN,Q9UKM9,10,0,-10
sp|Q9ULV4|COR1C_HUMAN,Q9ULV4,10,0,-10
sp|Q15393|SF3B3_HUMAN,Q15393,2,12,10
sp|O00154-4|BACH_HUMAN,O00154-4,0,10,10
sp|O00203-3|AP3B1_HUMAN,O00203-3,0,10,10
sp|O43399-5|TPD54_HUMAN,O43399-5,0,10,10
sp|O43570-2|CAH12_HUMAN,O43570-2,0,10,10
sp|P05026-2|AT1B1_HUMAN,P05026-2,0,10,10
sp|P06737-2|PYGL_HUMAN,P06737-2,0,10,10
sp|P07954-2|FUMH_HUMAN,P07954-2,0,10,10
sp|P09543-2|CN37_HUMAN,P09543-2,0,10,10
sp|P18858-3|DNLI1_HUMAN,P18858-3,0,10,10
sp|P23229-2|ITA6_HUMAN,P23229-2,0,10,10
sp|P31947-2|1433S_HUMAN,P31947-2,0,10,10
sp|P33992|MCM5_HUMAN,P33992,0,10,10
sp|P35249-2|RFC4_HUMAN,P35249-2,0,10,10
sp|P35658-2|NU214_HUMAN,P35658-2,0,10,10
sp|P45974-2|UBP5_HUMAN,P45974-2,0,10,10
sp|P49189-3|AL9A1_HUMAN,P49189-3,0,10,10
sp|P51148-2|RAB5C_HUMAN,P51148-2,0,10,10
sp|P52701|MSH6_HUMAN,P52701,0,10,10
sp|P62633-4|CNBP_HUMAN,P62633-4,0,10,10
sp|Q07812-2|BAX_HUMAN,Q07812-2,0,10,10
sp|Q13428-3|TCOF_HUMAN,Q13428-3,0,10,10
sp|Q13596-2|SNX1_HUMAN,Q13596-2,0,10,10
sp|Q14195-2|DPYL3_HUMAN,Q14195-2,0,10,10
sp|Q14566|MCM6_HUMAN,Q14566,0,10,10
sp|Q16629-2|SRSF7_HUMAN,Q16629-2,0,10,10
sp|Q8TAT6-2|NPL4_HUMAN,Q8TAT6-2,0,10,10
sp|Q96CW1-2|AP2M1_HUMAN,Q96CW1-2,0,10,10
sp|Q9GZT3-2|SLIRP_HUMAN,Q9GZT3-2,0,10,10
sp|Q9H098-2|F107B_HUMAN,Q9H098-2,0,10,10
sp|Q9UN86-2|G3BP2_HUMAN,Q9UN86-2,0,10,10
sp|Q9Y2A7-2|NCKP1_HUMAN,Q9Y2A7-2,0,10,10
tr|E9PM92|E9PM92_HUMAN,E9PM92,0,10,10
tr|I3L2B0|I3L2B0_HUMAN,I3L2B0,0,10,10
sp|O00170|AIP_HUMAN,O00170,13,4,-9
sp|O15460|P4HA2_HUMAN,O15460,9,0,-9
sp|O43169|CYB5B_HUMAN,O43169,9,0,-9
sp|O43570|CAH12_HUMAN,O43570,9,0,-9
sp|O43684|BUB3_HUMAN,O43684,9,0,-9
sp|O75306|NDUS2_HUMAN,O75306,9,0,-9
sp|O75533|SF3B1_HUMAN,O75533,4,13,9
sp|O75608|LYPA1_HUMAN,O75608,9,0,-9
sp|O95782|AP2A1_HUMAN,O95782,9,0,-9
sp|O95793|STAU1_HUMAN,O95793,9,0,-9
sp|P04179|SODM_HUMAN,P04179,9,0,-9
sp|P04439|HLAA_HUMAN,P04439,9,0,-9
sp|P05026|AT1B1_HUMAN,P05026,9,0,-9
sp|P07814|SYEP_HUMAN,P07814,32,41,9
sp|P08729|K2C7_HUMAN,P08729,62,53,-9
sp|P09104|ENOG_HUMAN,P09104,9,0,-9
sp|P11177|ODPB_HUMAN,P11177,9,0,-9
sp|P12081|SYHC_HUMAN,P12081,14,23,9
sp|P12956|XRCC6_HUMAN,P12956,29,38,9
sp|P13804|ETFA_HUMAN,P13804,23,14,-9
sp|P14324|FPPS_HUMAN,P14324,9,0,-9
sp|P16435|NCPR_HUMAN,P16435,9,18,9
sp|P21291|CSRP1_HUMAN,P21291,21,12,-9
sp|P22626|ROA2_HUMAN,P22626,80,71,-9
sp|P23229|ITA6_HUMAN,P23229,9,0,-9
sp|P23246|SFPQ_HUMAN,P23246,40,49,9
sp|P24752|THIL_HUMAN,P24752,24,15,-9
sp|P33993|MCM7_HUMAN,P33993,6,15,9
sp|P39023|RL3_HUMAN,P39023,23,32,9
sp|P40121|CAPG_HUMAN,P40121,9,0,-9
sp|P43304|GPDM_HUMAN,P43304,9,0,-9
sp|P46937|YAP1_HUMAN,P46937,9,0,-9
sp|P46940|IQGA1_HUMAN,P46940,37,46,9
sp|P49189|AL9A1_HUMAN,P49189,9,0,-9
sp|P49736|MCM2_HUMAN,P49736,5,14,9
sp|P51858|HDGF_HUMAN,P51858,23,14,-9
sp|P52907|CAZA1_HUMAN,P52907,4,13,9
sp|P55265|DSRAD_HUMAN,P55265,9,0,-9
sp|P62258|1433E_HUMAN,P62258,46,55,9
sp|P62753|RS6_HUMAN,P62753,17,26,9
sp|Q06124|PTN11_HUMAN,Q06124,9,0,-9
sp|Q07157|ZO1_HUMAN,Q07157,22,13,-9
sp|Q08J23|NSUN2_HUMAN,Q08J23,9,0,-9
sp|Q13155|AIMP2_HUMAN,Q13155,9,0,-9
sp|Q13200|PSMD2_HUMAN,Q13200,22,31,9
sp|Q13501|SQSTM_HUMAN,Q13501,5,14,9
sp|Q13557|KCC2D_HUMAN,Q13557,9,0,-9
sp|Q14677|EPN4_HUMAN,Q14677,9,0,-9
sp|Q15056|IF4H_HUMAN,Q15056,9,0,-9
sp|Q15185|TEBP_HUMAN,Q15185,9,0,-9
sp|Q15417|CNN3_HUMAN,Q15417,9,0,-9
sp|Q7Z3B4|NUP54_HUMAN,Q7Z3B4,9,0,-9
sp|Q7Z5L9|I2BP2_HUMAN,Q7Z5L9,9,0,-9
sp|Q86VP6|CAND1_HUMAN,Q86VP6,23,32,9
sp|Q8N8S7|ENAH_HUMAN,Q8N8S7,9,0,-9
sp|Q8ND56|LS14A_HUMAN,Q8ND56,9,0,-9
sp|Q92973|TNPO1_HUMAN,Q92973,9,0,-9
sp|Q93052|LPP_HUMAN,Q93052,29,20,-9
sp|Q96PC5|MIA2_HUMAN,Q96PC5,9,0,-9
sp|Q99700|ATX2_HUMAN,Q99700,9,0,-9
sp|Q9H098|F107B_HUMAN,Q9H098,9,0,-9
sp|Q9H694|BICC1_HUMAN,Q9H694,11,2,-9
sp|Q9NQC3|RTN4_HUMAN,Q9NQC3,9,0,-9
sp|Q9UPQ0|LIMC1_HUMAN,Q9UPQ0,9,0,-9
sp|Q9Y230|RUVB2_HUMAN,Q9Y230,16,25,9
sp|O00267-2|SPT5H_HUMAN,O00267-2,0,9,9
sp|O60313-10|OPA1_HUMAN,O60313-10,0,9,9
sp|P09497-2|CLCB_HUMAN,P09497-2,0,9,9
sp|P12931-2|SRC_HUMAN,P12931-2,0,9,9
sp|P20290-2|BTF3_HUMAN,P20290-2,0,9,9
sp|P30626-2|SORCN_HUMAN,P30626-2,0,9,9
sp|P33316-2|DUT_HUMAN,P33316-2,0,9,9
sp|P34896-2|GLYC_HUMAN,P34896-2,0,9,9
sp|P36542-2|ATPG_HUMAN,P36542-2,0,9,9
sp|P52788-2|SPSY_HUMAN,P52788-2,0,9,9
sp|P61224-3|RAP1B_HUMAN,P61224-3,0,9,9
sp|P80303-2|NUCB2_HUMAN,P80303-2,0,9,9
sp|Q02952-2|AKA12_HUMAN,Q02952-2,0,9,9
sp|Q05193-3|DYN1_HUMAN,Q05193-3,0,9,9
sp|Q07866-10|KLC1_HUMAN,Q07866-10,0,9,9
sp|Q08945|SSRP1_HUMAN,Q08945,0,9,9
sp|Q13492-2|PICAL_HUMAN,Q13492-2,0,9,9
sp|Q14498-2|RBM39_HUMAN,Q14498-2,0,9,9
sp|Q16643-3|DREB_HUMAN,Q16643-3,0,9,9
sp|Q32MZ4-3|LRRF1_HUMAN,Q32MZ4-3,0,9,9
sp|Q5T4S7-2|UBR4_HUMAN,Q5T4S7-2,0,9,9
sp|Q6WCQ1-2|MPRIP_HUMAN,Q6WCQ1-2,0,9,9
sp|Q6YN16-2|HSDL2_HUMAN,Q6YN16-2,0,9,9
sp|Q86Y56-2|DAAF5_HUMAN,Q86Y56-2,0,9,9
sp|Q8WWM7-2|ATX2L_HUMAN,Q8WWM7-2,0,9,9
sp|Q8WX93-3|PALLD_HUMAN,Q8WX93-3,0,9,9
sp|Q92734-2|TFG_HUMAN,Q92734-2,0,9,9
sp|Q92804-2|RBP56_HUMAN,Q92804-2,0,9,9
sp|Q93008-1|USP9X_HUMAN,Q93008-1,0,9,9
sp|Q99873-2|ANM1_HUMAN,Q99873-2,0,9,9
sp|Q9NQC3-2|RTN4_HUMAN,Q9NQC3-2,0,9,9
sp|Q9NR28-2|DBLOH_HUMAN,Q9NR28-2,0,9,9
sp|Q9NVA2-2|SEP11_HUMAN,Q9NVA2-2,0,9,9
sp|Q9NZL4-3|HPBP1_HUMAN,Q9NZL4-3,0,9,9
sp|Q9NZW5|MPP6_HUMAN,Q9NZW5,0,9,9
sp|Q9UHX1-2|PUF60_HUMAN,Q9UHX1-2,0,9,9
sp|Q9Y277-2|VDAC3_HUMAN,Q9Y277-2,0,9,9
sp|Q9Y570-4|PPME1_HUMAN,Q9Y570-4,0,9,9
sp|P20340-2|RAB6A_HUMAN,P20340-2,0,9,9
sp|O00193|SMAP_HUMAN,O00193,8,0,-8
sp|O00571|DDX3X_HUMAN,O00571,16,24,8
sp|O43447|PPIH_HUMAN,O43447,8,0,-8
sp|O60256|KPRB_HUMAN,O60256,8,0,-8
sp|O60506|HNRPQ_HUMAN,O60506,31,39,8
sp|O60841|IF2P_HUMAN,O60841,4,12,8
sp|O75083|WDR1_HUMAN,O75083,28,36,8
sp|O75131|CPNE3_HUMAN,O75131,9,17,8
sp|O94979|SC31A_HUMAN,O94979,8,0,-8
sp|P00492|HPRT_HUMAN,P00492,17,9,-8
sp|P08559|ODPA_HUMAN,P08559,8,0,-8
sp|P08865|RSSA_HUMAN,P08865,24,32,8
sp|P09497|CLCB_HUMAN,P09497,8,0,-8
sp|P09651|ROA1_HUMAN,P09651,52,44,-8
sp|P11021|BIP_HUMAN,P11021,98,90,-8
sp|P11717|MPRI_HUMAN,P11717,14,6,-8
sp|P13611|CSPG2_HUMAN,P13611,8,0,-8
sp|P13987|CD59_HUMAN,P13987,8,0,-8
sp|P14550|AK1A1_HUMAN,P14550,25,17,-8
sp|P16989|YBOX3_HUMAN,P16989,13,5,-8
sp|P19224|UD16_HUMAN,P19224,10,2,-8
sp|P23193|TCEA1_HUMAN,P23193,24,16,-8
sp|P23284|PPIB_HUMAN,P23284,56,48,-8
sp|P33991|MCM4_HUMAN,P33991,5,13,8
sp|P34896|GLYC_HUMAN,P34896,8,0,-8
sp|P35580|MYH10_HUMAN,P35580,8,0,-8
sp|P35658|NU214_HUMAN,P35658,8,0,-8
sp|P35998|PRS7_HUMAN,P35998,32,24,-8
sp|P38919|IF4A3_HUMAN,P38919,3,11,8
sp|P40763|STAT3_HUMAN,P40763,8,0,-8
sp|P46777|RL5_HUMAN,P46777,17,25,8
sp|P48735|IDHP_HUMAN,P48735,17,9,-8
sp|P50990|TCPQ_HUMAN,P50990,34,42,8
sp|P52292|IMA1_HUMAN,P52292,8,16,8
sp|P53618|COPB_HUMAN,P53618,5,13,8
sp|P55072|TERA_HUMAN,P55072,46,54,8
sp|P55327|TPD52_HUMAN,P55327,8,0,-8
sp|P61011|SRP54_HUMAN,P61011,2,10,8
sp|P61158|ARP3_HUMAN,P61158,20,28,8
sp|P61916|NPC2_HUMAN,P61916,8,0,-8
sp|P62280|RS11_HUMAN,P62280,12,20,8
sp|P62851|RS25_HUMAN,P62851,5,13,8
sp|P84022|SMAD3_HUMAN,P84022,8,0,-8
sp|P84098|RL19_HUMAN,P84098,11,19,8
sp|Q05193|DYN1_HUMAN,Q05193,8,0,-8
sp|Q07812|BAX_HUMAN,Q07812,8,0,-8
sp|Q08209|PP2BA_HUMAN,Q08209,8,0,-8
sp|Q13428|TCOF_HUMAN,Q13428,8,0,-8
sp|Q13510|ASAH1_HUMAN,Q13510,8,0,-8
sp|Q14160|SCRIB_HUMAN,Q14160,8,0,-8
sp|Q15165|PON2_HUMAN,Q15165,8,0,-8
sp|Q15435|PP1R7_HUMAN,Q15435,8,0,-8
sp|Q6YHK3|CD109_HUMAN,Q6YHK3,8,0,-8
sp|Q7Z2W4|ZCCHV_HUMAN,Q7Z2W4,5,13,8
sp|Q8IWZ3|ANKH1_HUMAN,Q8IWZ3,8,0,-8
sp|Q8WWI1|LMO7_HUMAN,Q8WWI1,8,0,-8
sp|Q92688|AN32B_HUMAN,Q92688,8,0,-8
sp|Q92734|TFG_HUMAN,Q92734,8,0,-8
sp|Q92804|RBP56_HUMAN,Q92804,8,0,-8
sp|Q92879|CELF1_HUMAN,Q92879,8,0,-8
sp|Q96A33|CCD47_HUMAN,Q96A33,8,0,-8
sp|Q96AE4|FUBP1_HUMAN,Q96AE4,36,28,-8
sp|Q9BWF3|RBM4_HUMAN,Q9BWF3,14,6,-8
sp|Q9BZZ5|API5_HUMAN,Q9BZZ5,8,0,-8
sp|Q9H6Z4|RANB3_HUMAN,Q9H6Z4,8,0,-8
sp|Q9UN86|G3BP2_HUMAN,Q9UN86,8,0,-8
sp|Q9UNF1|MAGD2_HUMAN,Q9UNF1,8,0,-8
sp|Q9UPT5|EXOC7_HUMAN,Q9UPT5,8,0,-8
sp|Q9UQ80|PA2G4_HUMAN,Q9UQ80,29,37,8
sp|Q9Y2X7|GIT1_HUMAN,Q9Y2X7,8,0,-8
sp|Q9Y6E2|5MP1_HUMAN,Q9Y6E2,8,0,-8
sp|Q9Y6R7|FCGBP_HUMAN,Q9Y6R7,8,0,-8
sp|P17858|PFKAL_HUMAN,P17858,1,9,8
sp|A0AV96-2|RBM47_HUMAN,A0AV96-2,0,8,8
sp|O43447-2|PPIH_HUMAN,O43447-2,0,8,8
sp|O43684-2|BUB3_HUMAN,O43684-2,0,8,8
sp|O75306-2|NDUS2_HUMAN,O75306-2,0,8,8
sp|O75608-2|LYPA1_HUMAN,O75608-2,0,8,8
sp|O75822-3|EIF3J_HUMAN,O75822-3,0,8,8
sp|O76094-2|SRP72_HUMAN,O76094-2,0,8,8
sp|O95793-2|STAU1_HUMAN,O95793-2,0,8,8
sp|P04844-2|RPN2_HUMAN,P04844-2,0,8,8
sp|P11310-2|ACADM_HUMAN,P11310-2,0,8,8
sp|P17096-3|HMGA1_HUMAN,P17096-3,0,8,8
sp|P22830-2|HEMH_HUMAN,P22830-2,0,8,8
sp|P30453|1A34_HUMAN,P30453,0,8,8
sp|P35080-2|PROF2_HUMAN,P35080-2,0,8,8
sp|P35613-2|BASI_HUMAN,P35613-2,0,8,8
sp|P40763-2|STAT3_HUMAN,P40763-2,0,8,8
sp|P41223-2|BUD31_HUMAN,P41223-2,0,8,8
sp|P51114-2|FXR1_HUMAN,P51114-2,0,8,8
sp|P51610-2|HCFC1_HUMAN,P51610-2,0,8,8
sp|P53990-2|IST1_HUMAN,P53990-2,0,8,8
sp|P62318-2|SMD3_HUMAN,P62318-2,0,8,8
sp|P62995-3|TRA2B_HUMAN,P62995-3,0,8,8
sp|P63092-2|GNAS2_HUMAN,P63092-2,0,8,8
sp|Q02809-2|PLOD1_HUMAN,Q02809-2,0,8,8
sp|Q08209-2|PP2BA_HUMAN,Q08209-2,0,8,8
sp|Q12765-2|SCRN1_HUMAN,Q12765-2,0,8,8
sp|Q14116-2|IL18_HUMAN,Q14116-2,0,8,8
sp|Q14677-2|EPN4_HUMAN,Q14677-2,0,8,8
sp|Q15070-2|OXA1L_HUMAN,Q15070-2,0,8,8
sp|Q16630-2|CPSF6_HUMAN,Q16630-2,0,8,8
sp|Q3ZCQ8-2|TIM50_HUMAN,Q3ZCQ8-2,0,8,8
sp|Q6YHK3-4|CD109_HUMAN,Q6YHK3-4,0,8,8
sp|Q8IX12-2|CCAR1_HUMAN,Q8IX12-2,0,8,8
sp|Q8N8S7-2|ENAH_HUMAN,Q8N8S7-2,0,8,8
sp|Q8TBC4-2|UBA3_HUMAN,Q8TBC4-2,0,8,8
sp|Q96A33-2|CCD47_HUMAN,Q96A33-2,0,8,8
sp|Q99733-2|NP1L4_HUMAN,Q99733-2,0,8,8
sp|Q9BSJ8-2|ESYT1_HUMAN,Q9BSJ8-2,0,8,8
sp|Q9H074-2|PAIP1_HUMAN,Q9H074-2,0,8,8
sp|Q9H3U1-2|UN45A_HUMAN,Q9H3U1-2,0,8,8
sp|Q9HCC0-2|MCCB_HUMAN,Q9HCC0-2,0,8,8
sp|Q9NYK5-2|RM39_HUMAN,Q9NYK5-2,0,8,8
sp|Q9UMY4-2|SNX12_HUMAN,Q9UMY4-2,0,8,8
sp|Q9Y2X7-3|GIT1_HUMAN,Q9Y2X7-3,0,8,8
tr|A0A1B0GW68|A0A1B0GW68_HUMAN,A0A1B0GW68,0,8,8
tr|B4DLN1|B4DLN1_HUMAN,B4DLN1,0,8,8
sp|O00264|PGRC1_HUMAN,O00264,14,7,-7
sp|O00291|HIP1_HUMAN,O00291,7,0,-7
sp|O00468|AGRIN_HUMAN,O00468,7,0,-7
sp|O15067|PUR4_HUMAN,O15067,11,18,7
sp|O15173|PGRC2_HUMAN,O15173,7,0,-7
sp|O15230|LAMA5_HUMAN,O15230,14,7,-7
sp|O15371|EIF3D_HUMAN,O15371,7,0,-7
sp|O43399|TPD54_HUMAN,O43399,7,0,-7
sp|O43670|ZN207_HUMAN,O43670,7,0,-7
sp|O43809|CPSF5_HUMAN,O43809,14,7,-7
sp|O75569|PRKRA_HUMAN,O75569,7,0,-7
sp|O75746|S2512_HUMAN,O75746,7,0,-7
sp|O75822|EIF3J_HUMAN,O75822,7,0,-7
sp|O75955|FLOT1_HUMAN,O75955,11,4,-7
sp|O75976|CBPD_HUMAN,O75976,15,8,-7
sp|O94906|PRP6_HUMAN,O94906,7,0,-7
sp|O95168|NDUB4_HUMAN,O95168,7,0,-7
sp|O95639|CPSF4_HUMAN,O95639,7,0,-7
sp|O95861|BPNT1_HUMAN,O95861,7,0,-7
sp|O95994|AGR2_HUMAN,O95994,22,15,-7
sp|P02751|FINC_HUMAN,P02751,7,0,-7
sp|P04844|RPN2_HUMAN,P04844,7,0,-7
sp|P05198|IF2A_HUMAN,P05198,14,21,7
sp|P06396|GELS_HUMAN,P06396,7,14,7
sp|P06737|PYGL_HUMAN,P06737,7,0,-7
sp|P07195|LDHB_HUMAN,P07195,38,45,7
sp|P07384|CAN1_HUMAN,P07384,3,10,7
sp|P08758|ANXA5_HUMAN,P08758,35,42,7
sp|P09601|HMOX1_HUMAN,P09601,13,20,7
sp|P10909|CLUS_HUMAN,P10909,7,0,-7
sp|P13674|P4HA1_HUMAN,P13674,7,0,-7
sp|P14866|HNRPL_HUMAN,P14866,36,29,-7
sp|P22692|IBP4_HUMAN,P22692,7,0,-7
sp|P22830|HEMH_HUMAN,P22830,7,0,-7
sp|P31153|METK2_HUMAN,P31153,14,21,7
sp|P33316|DUT_HUMAN,P33316,7,0,-7
sp|P35080|PROF2_HUMAN,P35080,8,1,-7
sp|P40939|ECHA_HUMAN,P40939,19,26,7
sp|P42224|STAT1_HUMAN,P42224,14,21,7
sp|P46783|RS10_HUMAN,P46783,25,32,7
sp|P47712|PA24A_HUMAN,P47712,6,13,7
sp|P48059|LIMS1_HUMAN,P48059,7,0,-7
sp|P49757|NUMB_HUMAN,P49757,7,0,-7
sp|P51149|RAB7A_HUMAN,P51149,8,15,7
sp|P51812|KS6A3_HUMAN,P51812,6,13,7
sp|P53367|ARFP1_HUMAN,P53367,7,0,-7
sp|P54577|SYYC_HUMAN,P54577,32,25,-7
sp|P61221|ABCE1_HUMAN,P61221,6,13,7
sp|P62241|RS8_HUMAN,P62241,17,24,7
sp|P62318|SMD3_HUMAN,P62318,7,0,-7
sp|P84090|ERH_HUMAN,P84090,17,10,-7
sp|Q01081|U2AF1_HUMAN,Q01081,7,0,-7
sp|Q01844|EWS_HUMAN,Q01844,7,0,-7
sp|Q04760|LGUL_HUMAN,Q04760,23,16,-7
sp|Q07020|RL18_HUMAN,Q07020,12,19,7
sp|Q08378|GOGA3_HUMAN,Q08378,7,0,-7
sp|Q13098|CSN1_HUMAN,Q13098,7,0,-7
sp|Q13242|SRSF9_HUMAN,Q13242,15,8,-7
sp|Q13363|CTBP1_HUMAN,Q13363,7,0,-7
sp|Q13404|UB2V1_HUMAN,Q13404,7,0,-7
sp|Q14116|IL18_HUMAN,Q14116,7,0,-7
sp|Q14195|DPYL3_HUMAN,Q14195,7,0,-7
sp|Q14498|RBM39_HUMAN,Q14498,7,0,-7
sp|Q15370|ELOB_HUMAN,Q15370,7,0,-7
sp|Q15459|SF3A1_HUMAN,Q15459,22,15,-7
sp|Q15555|MARE2_HUMAN,Q15555,7,0,-7
sp|Q3LXA3|TKFC_HUMAN,Q3LXA3,17,10,-7
sp|Q6FIF0|ZFAN6_HUMAN,Q6FIF0,7,0,-7
sp|Q6NUK1|SCMC1_HUMAN,Q6NUK1,7,0,-7
sp|Q8IZP0|ABI1_HUMAN,Q8IZP0,7,0,-7
sp|Q8N392|RHG18_HUMAN,Q8N392,7,0,-7
sp|Q8NCW5|NNRE_HUMAN,Q8NCW5,7,0,-7
sp|Q92888|ARHG1_HUMAN,Q92888,7,0,-7
sp|Q92945|FUBP2_HUMAN,Q92945,44,37,-7
sp|Q99615|DNJC7_HUMAN,Q99615,18,25,7
sp|Q99733|NP1L4_HUMAN,Q99733,7,0,-7
sp|Q99873|ANM1_HUMAN,Q99873,7,0,-7
sp|Q9BSJ8|ESYT1_HUMAN,Q9BSJ8,7,0,-7
sp|Q9BYT8|NEUL_HUMAN,Q9BYT8,10,17,7
sp|Q9H0H5|RGAP1_HUMAN,Q9H0H5,2,9,7
sp|Q9HCC0|MCCB_HUMAN,Q9HCC0,7,0,-7
sp|Q9NR46|SHLB2_HUMAN,Q9NR46,7,0,-7
sp|Q9NSE4|SYIM_HUMAN,Q9NSE4,2,9,7
sp|Q9NYF8|BCLF1_HUMAN,Q9NYF8,7,0,-7
sp|Q9P2J5|SYLC_HUMAN,Q9P2J5,8,15,7
sp|Q9UIQ6|LCAP_HUMAN,Q9UIQ6,7,0,-7
sp|Q9UKX7|NUP50_HUMAN,Q9UKX7,7,0,-7
sp|Q9UNM6|PSD13_HUMAN,Q9UNM6,16,23,7
sp|Q9UNZ2|NSF1C_HUMAN,Q9UNZ2,23,16,-7
sp|Q9Y2Z0|SGT1_HUMAN,Q9Y2Z0,7,0,-7
sp|Q9Y570|PPME1_HUMAN,Q9Y570,7,0,-7
sp|Q9Y6I3|EPN1_HUMAN,Q9Y6I3,7,0,-7
sp|Q9Y6M7|S4A7_HUMAN,Q9Y6M7,7,0,-7
sp|A6NGU5|GGT3_HUMAN,A6NGU5,0,7,7
sp|O00291-3|HIP1_HUMAN,O00291-3,0,7,7
sp|O00560-2|SDCB1_HUMAN,O00560-2,0,7,7
sp|O15042-2|SR140_HUMAN,O15042-2,0,7,7
sp|O75400-2|PR40A_HUMAN,O75400-2,0,7,7
sp|O75410-2|TACC1_HUMAN,O75410-2,0,7,7
sp|O75746|CMC1_HUMAN,O75746,0,7,7
sp|O94979-10|SC31A_HUMAN,O94979-10,0,7,7
sp|P04179-2|SODM_HUMAN,P04179-2,0,7,7
sp|P0DMM9-3|ST1A3_HUMAN,P0DMM9-3,0,7,7
sp|P0DN76|U2AF5_HUMAN,P0DN76,0,7,7
sp|P11388-2|TOP2A_HUMAN,P11388-2,0,7,7
sp|P27216-2|ANX13_HUMAN,P27216-2,0,7,7
sp|P30419-2|NMT1_HUMAN,P30419-2,0,7,7
sp|P33240-2|CSTF2_HUMAN,P33240-2,0,7,7
sp|P36543-2|VATE1_HUMAN,P36543-2,0,7,7
sp|P43304-2|GPDM_HUMAN,P43304-2,0,7,7
sp|P46087-2|NOP2_HUMAN,P46087-2,0,7,7
sp|P46379-2|BAG6_HUMAN,P46379-2,0,7,7
sp|P48059-2|LIMS1_HUMAN,P48059-2,0,7,7
sp|P49589-3|SYCC_HUMAN,P49589-3,0,7,7
sp|P52306-4|GDS1_HUMAN,P52306-4,0,7,7
sp|P54886-2|P5CS_HUMAN,P54886-2,0,7,7
sp|P55735-2|SEC13_HUMAN,P55735-2,0,7,7
sp|Q00653-4|NFKB2_HUMAN,Q00653-4,0,7,7
sp|Q01844-3|EWS_HUMAN,Q01844-3,0,7,7
sp|Q13057-2|COASY_HUMAN,Q13057-2,0,7,7
sp|Q13505-3|MTX1_HUMAN,Q13505-3,0,7,7
sp|Q14244-3|MAP7_HUMAN,Q14244-3,0,7,7
sp|Q14671-2|PUM1_HUMAN,Q14671-2,0,7,7
sp|Q14790-2|CASP8_HUMAN,Q14790-2,0,7,7
sp|Q15165-1|PON2_HUMAN,Q15165-1,0,7,7
sp|Q15370-2|ELOB_HUMAN,Q15370-2,0,7,7
sp|Q5JRA6-2|TGO1_HUMAN,Q5JRA6-2,0,7,7
sp|Q5T8D3-2|ACBD5_HUMAN,Q5T8D3-2,0,7,7
sp|Q7L576|CYFP1_HUMAN,Q7L576,0,7,7
sp|Q8ND56-2|LS14A_HUMAN,Q8ND56-2,0,7,7
sp|Q92688-2|AN32B_HUMAN,Q92688-2,0,7,7
sp|Q9BTW9|TBCD_HUMAN,Q9BTW9,0,7,7
sp|Q9H2U2-2|IPYR2_HUMAN,Q9H2U2-2,0,7,7
sp|Q9NQW7-3|XPP1_HUMAN,Q9NQW7-3,0,7,7
sp|Q9NYU2-2|UGGG1_HUMAN,Q9NYU2-2,0,7,7
sp|Q9UGV2-2|NDRG3_HUMAN,Q9UGV2-2,0,7,7
sp|Q9UKX7-2|NUP50_HUMAN,Q9UKX7-2,0,7,7
sp|Q9UPQ0-10|LIMC1_HUMAN,Q9UPQ0-10,0,7,7
sp|Q9Y237-2|PIN4_HUMAN,Q9Y237-2,0,7,7
sp|Q9Y5S9-2|RBM8A_HUMAN,Q9Y5S9-2,0,7,7
sp|Q9Y6M7-13|S4A7_HUMAN,Q9Y6M7-13,0,7,7
sp|A0AV96|RBM47_HUMAN,A0AV96,6,0,-6
sp|O14818|PSA7_HUMAN,O14818,17,23,6
sp|O15344|TRI18_HUMAN,O15344,3,9,6
sp|O60749|SNX2_HUMAN,O60749,11,17,6
sp|O75153|CLU_HUMAN,O75153,7,1,-6
sp|O75347|TBCA_HUMAN,O75347,24,18,-6
sp|O75521|ECI2_HUMAN,O75521,6,0,-6
sp|O75874|IDHC_HUMAN,O75874,44,38,-6
sp|O95373|IPO7_HUMAN,O95373,6,12,6
sp|O96005|CLPT1_HUMAN,O96005,6,0,-6
sp|P00387|NB5R3_HUMAN,P00387,6,0,-6
sp|P02786|TFR1_HUMAN,P02786,12,18,6
sp|P05455|LA_HUMAN,P05455,34,28,-6
sp|P06733|ENOA_HUMAN,P06733,135,129,-6
sp|P07711|CATL1_HUMAN,P07711,9,3,-6
sp|P09874|PARP1_HUMAN,P09874,9,15,6
sp|P0CG12|DERPC_HUMAN,P0CG12,6,0,-6
sp|P10253|LYAG_HUMAN,P10253,17,11,-6
sp|P11310|ACADM_HUMAN,P11310,6,0,-6
sp|P12931|SRC_HUMAN,P12931,6,0,-6
sp|P15428|PGDH_HUMAN,P15428,14,8,-6
sp|P15880|RS2_HUMAN,P15880,15,21,6
sp|P16403|H12_HUMAN,P16403,11,5,-6
sp|P17096|HMGA1_HUMAN,P17096,6,0,-6
sp|P18859|ATP5J_HUMAN,P18859,6,0,-6
sp|P19440|GGT1_HUMAN,P19440,6,0,-6
sp|P20700|LMNB1_HUMAN,P20700,13,19,6
sp|P21589|5NTD_HUMAN,P21589,6,0,-6
sp|P23921|RIR1_HUMAN,P23921,3,9,6
sp|P24539|AT5F1_HUMAN,P24539,15,9,-6
sp|P26447|S10A4_HUMAN,P26447,22,28,6
sp|P30533|AMRP_HUMAN,P30533,12,6,-6
sp|P31040|SDHA_HUMAN,P31040,22,16,-6
sp|P32321|DCTD_HUMAN,P32321,6,0,-6
sp|P36543|VATE1_HUMAN,P36543,6,0,-6
sp|P40926|MDHM_HUMAN,P40926,57,51,-6
sp|P41223|BUD31_HUMAN,P41223,6,0,-6
sp|P41250|GARS_HUMAN,P41250,9,15,6
sp|P42704|LPPRC_HUMAN,P42704,56,62,6
sp|P45954|ACDSB_HUMAN,P45954,6,0,-6
sp|P45973|CBX5_HUMAN,P45973,3,9,6
sp|P49821|NDUV1_HUMAN,P49821,6,0,-6
sp|P50579|MAP2_HUMAN,P50579,6,12,6
sp|P51659|DHB4_HUMAN,P51659,14,20,6
sp|P51690|ARSL_HUMAN,P51690,6,0,-6
sp|P52788|SPSY_HUMAN,P52788,6,0,-6
sp|P53634|CATC_HUMAN,P53634,13,7,-6
sp|P54578|UBP14_HUMAN,P54578,6,0,-6
sp|P54727|RD23B_HUMAN,P54727,21,15,-6
sp|P55210|CASP7_HUMAN,P55210,6,0,-6
sp|P59998|ARPC4_HUMAN,P59998,6,0,-6
sp|P61326|MGN_HUMAN,P61326,6,0,-6
sp|P62316|SMD2_HUMAN,P62316,15,9,-6
sp|P62495|ERF1_HUMAN,P62495,6,12,6
sp|P62847|RS24_HUMAN,P62847,6,0,-6
sp|P62899|RL31_HUMAN,P62899,6,0,-6
sp|P62995|TRA2B_HUMAN,P62995,6,0,-6
sp|P63244|RACK1_HUMAN,P63244,26,32,6
sp|P98175|RBM10_HUMAN,P98175,6,0,-6
sp|Q00341|VIGLN_HUMAN,Q00341,6,0,-6
sp|Q00653|NFKB2_HUMAN,Q00653,6,0,-6
sp|Q00688|FKBP3_HUMAN,Q00688,29,23,-6
sp|Q02543|RL18A_HUMAN,Q02543,15,21,6
sp|Q02809|PLOD1_HUMAN,Q02809,6,0,-6
sp|Q03154|ACY1_HUMAN,Q03154,6,0,-6
sp|Q07973|CP24A_HUMAN,Q07973,6,0,-6
sp|Q12765|SCRN1_HUMAN,Q12765,6,0,-6
sp|Q12929|EPS8_HUMAN,Q12929,8,2,-6
sp|Q13085|ACACA_HUMAN,Q13085,6,0,-6
sp|Q13618|CUL3_HUMAN,Q13618,6,0,-6
sp|Q13867|BLMH_HUMAN,Q13867,4,10,6
sp|Q15046|SYK_HUMAN,Q15046,15,21,6
sp|Q15070|OXA1L_HUMAN,Q15070,6,0,-6
sp|Q15075|EEA1_HUMAN,Q15075,20,14,-6
sp|Q15233|NONO_HUMAN,Q15233,30,36,6
sp|Q15643|TRIPB_HUMAN,Q15643,7,1,-6
sp|Q16643|DREB_HUMAN,Q16643,6,0,-6
sp|Q16658|FSCN1_HUMAN,Q16658,16,22,6
sp|Q16718|NDUA5_HUMAN,Q16718,6,0,-6
sp|Q4VC31|MIX23_HUMAN,Q4VC31,6,0,-6
sp|Q5JTJ3|COA6_HUMAN,Q5JTJ3,6,0,-6
sp|Q5T8D3|ACBD5_HUMAN,Q5T8D3,6,0,-6
sp|Q7L9L4|MOB1B_HUMAN,Q7L9L4,6,0,-6
sp|Q7Z739|YTHD3_HUMAN,Q7Z739,7,1,-6
sp|Q8TAQ2|SMRC2_HUMAN,Q8TAQ2,18,12,-6
sp|Q8TCT9|HM13_HUMAN,Q8TCT9,6,0,-6
sp|Q8TEX9|IPO4_HUMAN,Q8TEX9,6,0,-6
sp|Q8WUP2|FBLI1_HUMAN,Q8WUP2,6,0,-6
sp|Q92890|UFD1_HUMAN,Q92890,6,0,-6
sp|Q969V3|NCLN_HUMAN,Q969V3,6,0,-6
sp|Q96B97|SH3K1_HUMAN,Q96B97,6,0,-6
sp|Q96CM8|ACSF2_HUMAN,Q96CM8,6,0,-6
sp|Q96ER9|MITOK_HUMAN,Q96ER9,6,0,-6
sp|Q96KP4|CNDP2_HUMAN,Q96KP4,10,16,6
sp|Q96PU8|QKI_HUMAN,Q96PU8,6,0,-6
sp|Q99536|VAT1_HUMAN,Q99536,19,13,-6
sp|Q9BRP8|PYM1_HUMAN,Q9BRP8,6,0,-6
sp|Q9BRX8|PXL2A_HUMAN,Q9BRX8,6,0,-6
sp|Q9H0B6|KLC2_HUMAN,Q9H0B6,6,0,-6
sp|Q9H1E3|NUCKS_HUMAN,Q9H1E3,6,0,-6
sp|Q9H3U1|UN45A_HUMAN,Q9H3U1,6,0,-6
sp|Q9NPH2|INO1_HUMAN,Q9NPH2,6,0,-6
sp|Q9NY33|DPP3_HUMAN,Q9NY33,8,14,6
sp|Q9NZB2|F120A_HUMAN,Q9NZB2,6,0,-6
sp|Q9NZU5|LMCD1_HUMAN,Q9NZU5,18,12,-6
sp|Q9P2R7|SUCB1_HUMAN,Q9P2R7,6,0,-6
sp|Q9UBQ5|EIF3K_HUMAN,Q9UBQ5,6,0,-6
sp|Q9UGP4|LIMD1_HUMAN,Q9UGP4,8,2,-6
sp|Q9UNE7|CHIP_HUMAN,Q9UNE7,6,0,-6
sp|Q9UPN3|MACF1_HUMAN,Q9UPN3,2,8,6
sp|Q9Y2H0|DLGP4_HUMAN,Q9Y2H0,6,0,-6
sp|Q9Y383|LC7L2_HUMAN,Q9Y383,13,19,6
sp|Q9Y4X5|ARI1_HUMAN,Q9Y4X5,3,9,6
sp|Q9Y608|LRRF2_HUMAN,Q9Y608,6,0,-6
sp|Q9Y639|NPTN_HUMAN,Q9Y639,6,0,-6
sp|O75367-2|H2AY_HUMAN,O75367-2,0,6,6
sp|O75521-2|ECI2_HUMAN,O75521-2,0,6,6
sp|O95758-2|PTBP3_HUMAN,O95758-2,0,6,6
sp|O96005-4|CLPT1_HUMAN,O96005-4,0,6,6
sp|P05976-2|MYL1_HUMAN,P05976-2,0,6,6
sp|P06730-2|IF4E_HUMAN,P06730-2,0,6,6
sp|P09417-2|DHPR_HUMAN,P09417-2,0,6,6
sp|P11387|TOP1_HUMAN,P11387,0,6,6
sp|P13987-2|CD59_HUMAN,P13987-2,0,6,6
sp|P16144-2|ITB4_HUMAN,P16144-2,0,6,6
sp|P17480-2|UBF1_HUMAN,P17480-2,0,6,6
sp|P22692-2|IBP4_HUMAN,P22692-2,0,6,6
sp|P39656-3|OST48_HUMAN,P39656-3,0,6,6
sp|P46459-2|NSF_HUMAN,P46459-2,0,6,6
sp|P46976-2|GLYG_HUMAN,P46976-2,0,6,6
sp|P49790-3|NU153_HUMAN,P49790-3,0,6,6
sp|P49821-2|NDUV1_HUMAN,P49821-2,0,6,6
sp|P51398-2|RT29_HUMAN,P51398-2,0,6,6
sp|P52948-5|NUP98_HUMAN,P52948-5,0,6,6
sp|P56545-2|CTBP2_HUMAN,P56545-2,0,6,6
sp|P62899-2|RL31_HUMAN,P62899-2,0,6,6
sp|P84022-2|SMAD3_HUMAN,P84022-2,0,6,6
sp|P98175-2|RBM10_HUMAN,P98175-2,0,6,6
sp|Q02241-2|KIF23_HUMAN,Q02241-2,0,6,6
sp|Q05397-2|FAK1_HUMAN,Q05397-2,0,6,6
sp|Q06124-2|PTN11_HUMAN,Q06124-2,0,6,6
sp|Q07666-2|KHDR1_HUMAN,Q07666-2,0,6,6
sp|Q13045-2|FLII_HUMAN,Q13045-2,0,6,6
sp|Q13243-3|SRSF5_HUMAN,Q13243-3,0,6,6
sp|Q13409-2|DC1I2_HUMAN,Q13409-2,0,6,6
sp|Q13557-10|KCC2D_HUMAN,Q13557-10,0,6,6
sp|Q14738-2|2A5D_HUMAN,Q14738-2,0,6,6
sp|Q15435-2|PP1R7_HUMAN,Q15435-2,0,6,6
sp|Q15813-2|TBCE_HUMAN,Q15813-2,0,6,6
sp|Q16718-2|NDUA5_HUMAN,Q16718-2,0,6,6
sp|Q5JRX3-2|PREP_HUMAN,Q5JRX3-2,0,6,6
sp|Q5JTJ3-2|COA6_HUMAN,Q5JTJ3-2,0,6,6
sp|Q6P996-4|PDXD1_HUMAN,Q6P996-4,0,6,6
sp|Q7L014|DDX46_HUMAN,Q7L014,0,6,6
sp|Q7Z4H3-2|HDDC2_HUMAN,Q7Z4H3-2,0,6,6
sp|Q86X76-2|NIT1_HUMAN,Q86X76-2,0,6,6
sp|Q8IXM2-3|BAP18_HUMAN,Q8IXM2-3,0,6,6
sp|Q8IZP0-10|ABI1_HUMAN,Q8IZP0-10,0,6,6
sp|Q8N392-2|RHG18_HUMAN,Q8N392-2,0,6,6
sp|Q8NCW5-2|NNRE_HUMAN,Q8NCW5-2,0,6,6
sp|Q8NFH5-2|NUP35_HUMAN,Q8NFH5-2,0,6,6
sp|Q92783-2|STAM1_HUMAN,Q92783-2,0,6,6
sp|Q969Z0|FAKD4_HUMAN,Q969Z0,0,6,6
sp|Q96A72|MGN2_HUMAN,Q96A72,0,6,6
sp|Q96FV2-2|SCRN2_HUMAN,Q96FV2-2,0,6,6
sp|Q96PC5-10|MIA2_HUMAN,Q96PC5-10,0,6,6
sp|Q96PD2-2|DCBD2_HUMAN,Q96PD2-2,0,6,6
sp|Q9BRP8-2|PYM1_HUMAN,Q9BRP8-2,0,6,6
sp|Q9BUP3-3|HTAI2_HUMAN,Q9BUP3-3,0,6,6
sp|Q9H2G2-2|SLK_HUMAN,Q9H2G2-2,0,6,6
sp|Q9H6S3-3|ES8L2_HUMAN,Q9H6S3-3,0,6,6
sp|Q9H8Y8-3|GORS2_HUMAN,Q9H8Y8-3,0,6,6
sp|Q9P0K7-2|RAI14_HUMAN,Q9P0K7-2,0,6,6
sp|Q9P2R3-2|ANFY1_HUMAN,Q9P2R3-2,0,6,6
sp|Q9P2T1-2|GMPR2_HUMAN,Q9P2T1-2,0,6,6
sp|Q9UG63-2|ABCF2_HUMAN,Q9UG63-2,0,6,6
sp|Q9UK76-2|JUPI1_HUMAN,Q9UK76-2,0,6,6
sp|Q9Y263|PLAP_HUMAN,Q9Y263,0,6,6
sp|Q9Y446-2|PKP3_HUMAN,Q9Y446-2,0,6,6
sp|Q9Y4B5-2|MTCL1_HUMAN,Q9Y4B5-2,0,6,6
sp|Q9Y6Y8-2|S23IP_HUMAN,Q9Y6Y8-2,0,6,6
sp|O00154|BACH_HUMAN,O00154,5,0,-5
sp|O00204|ST2B1_HUMAN,O00204,5,0,-5
sp|O43491|E41L2_HUMAN,O43491,5,0,-5
sp|O43776|SYNC_HUMAN,O43776,18,23,5
sp|O60869|EDF1_HUMAN,O60869,8,3,-5
sp|O75376|NCOR1_HUMAN,O75376,5,0,-5
sp|O75431|MTX2_HUMAN,O75431,5,0,-5
sp|O94766|B3GA3_HUMAN,O94766,5,0,-5
sp|O95394|AGM1_HUMAN,O95394,5,0,-5
sp|O95816|BAG2_HUMAN,O95816,9,4,-5
sp|O95865|DDAH2_HUMAN,O95865,6,1,-5
sp|P00505|AATM_HUMAN,P00505,42,37,-5
sp|P04150|GCR_HUMAN,P04150,5,0,-5
sp|P06730|IF4E_HUMAN,P06730,5,0,-5
sp|P06748|NPM_HUMAN,P06748,57,52,-5
sp|P07339|CATD_HUMAN,P07339,28,23,-5
sp|P07686|HEXB_HUMAN,P07686,17,12,-5
sp|P08243|ASNS_HUMAN,P08243,5,0,-5
sp|P08621|RU17_HUMAN,P08621,17,22,5
sp|P09525|ANXA4_HUMAN,P09525,66,61,-5
sp|P09669|COX6C_HUMAN,P09669,14,9,-5
sp|P0C0S8|H2A1_HUMAN,P0C0S8,33,38,5
sp|P11172|UMPS_HUMAN,P11172,6,11,5
sp|P12955|PEPD_HUMAN,P12955,7,12,5
sp|P13798|ACPH_HUMAN,P13798,6,11,5
sp|P14406|CX7A2_HUMAN,P14406,5,0,-5
sp|P14923|PLAK_HUMAN,P14923,34,29,-5
sp|P15121|ALDR_HUMAN,P15121,51,46,-5
sp|P15927|RFA2_HUMAN,P15927,5,0,-5
sp|P16615|AT2A2_HUMAN,P16615,5,0,-5
sp|P18077|RL35A_HUMAN,P18077,6,11,5
sp|P19338|NUCL_HUMAN,P19338,49,54,5
sp|P23528|COF1_HUMAN,P23528,42,37,-5
sp|P25705|ATPA_HUMAN,P25705,64,59,-5
sp|P30041|PRDX6_HUMAN,P30041,27,22,-5
sp|P30086|PEBP1_HUMAN,P30086,22,27,5
sp|P30419|NMT1_HUMAN,P30419,5,0,-5
sp|P30519|HMOX2_HUMAN,P30519,5,0,-5
sp|P35250|RFC2_HUMAN,P35250,5,0,-5
sp|P35354|PGH2_HUMAN,P35354,12,7,-5
sp|P36578|RL4_HUMAN,P36578,31,36,5
sp|P37108|SRP14_HUMAN,P37108,11,6,-5
sp|P37235|HPCL1_HUMAN,P37235,9,4,-5
sp|P37268|FDFT_HUMAN,P37268,2,7,5
sp|P39880|CUX1_HUMAN,P39880,5,0,-5
sp|P41091|IF2G_HUMAN,P41091,18,23,5
sp|P42166|LAP2A_HUMAN,P42166,37,32,-5
sp|P42785|PCP_HUMAN,P42785,5,0,-5
sp|P43155|CACP_HUMAN,P43155,5,0,-5
sp|P43490|NAMPT_HUMAN,P43490,28,33,5
sp|P45880|VDAC2_HUMAN,P45880,13,18,5
sp|P45974|UBP5_HUMAN,P45974,5,0,-5
sp|P45985|MP2K4_HUMAN,P45985,5,0,-5
sp|P46459|NSF_HUMAN,P46459,5,0,-5
sp|P46778|RL21_HUMAN,P46778,8,13,5
sp|P46779|RL28_HUMAN,P46779,7,12,5
sp|P48163|MAOX_HUMAN,P48163,14,19,5
sp|P48444|COPD_HUMAN,P48444,9,14,5
sp|P48556|PSMD8_HUMAN,P48556,17,12,-5
sp|P49588|SYAC_HUMAN,P49588,45,50,5
sp|P50395|GDIB_HUMAN,P50395,43,38,-5
sp|P50453|SPB9_HUMAN,P50453,4,9,5
sp|P50895|BCAM_HUMAN,P50895,9,4,-5
sp|P50914|RL14_HUMAN,P50914,10,15,5
sp|P51398|RT29_HUMAN,P51398,5,0,-5
sp|P51452|DUS3_HUMAN,P51452,5,0,-5
sp|P51970|NDUA8_HUMAN,P51970,10,5,-5
sp|P52815|RM12_HUMAN,P52815,5,0,-5
sp|P55263|ADK_HUMAN,P55263,5,0,-5
sp|P55735|SEC13_HUMAN,P55735,5,0,-5
sp|P56211|ARP19_HUMAN,P56211,5,0,-5
sp|P61224|RAP1B_HUMAN,P61224,5,0,-5
sp|P61353|RL27_HUMAN,P61353,8,13,5
sp|P61923|COPZ1_HUMAN,P61923,5,0,-5
sp|P62805|H4_HUMAN,P62805,49,54,5
sp|P62857|RS28_HUMAN,P62857,12,17,5
sp|P63092|GNAS2_HUMAN,P63092,5,0,-5
sp|P63261|ACTG_HUMAN,P63261,8,13,5
sp|P67812|SC11A_HUMAN,P67812,5,0,-5
sp|Q02790|FKBP4_HUMAN,Q02790,27,32,5
sp|Q04446|GLGB_HUMAN,Q04446,3,8,5
sp|Q05639|EF1A2_HUMAN,Q05639,5,10,5
sp|Q07021|C1QBP_HUMAN,Q07021,8,13,5
sp|Q08379|GOGA2_HUMAN,Q08379,8,3,-5
sp|Q12792|TWF1_HUMAN,Q12792,8,3,-5
sp|Q13045|FLII_HUMAN,Q13045,5,0,-5
sp|Q13620|CUL4B_HUMAN,Q13620,5,0,-5
sp|Q13642|FHL1_HUMAN,Q13642,5,0,-5
sp|Q14203|DCTN1_HUMAN,Q14203,5,0,-5
sp|Q15738|NSDHL_HUMAN,Q15738,11,6,-5
sp|Q16531|DDB1_HUMAN,Q16531,6,11,5
sp|Q1KMD3|HNRL2_HUMAN,Q1KMD3,4,9,5
sp|Q3V6T2|GRDN_HUMAN,Q3V6T2,5,0,-5
sp|Q4KMQ2|ANO6_HUMAN,Q4KMQ2,5,0,-5
sp|Q53H82|LACB2_HUMAN,Q53H82,15,20,5
sp|Q6FI81|CPIN1_HUMAN,Q6FI81,5,0,-5
sp|Q6P587|FAHD1_HUMAN,Q6P587,5,0,-5
sp|Q6PJT7|ZC3HE_HUMAN,Q6PJT7,5,0,-5
sp|Q7Z4H3|HDDC2_HUMAN,Q7Z4H3,5,0,-5
sp|Q86UK7|ZN598_HUMAN,Q86UK7,5,0,-5
sp|Q86V48|LUZP1_HUMAN,Q86V48,5,0,-5
sp|Q86V81|THOC4_HUMAN,Q86V81,18,13,-5
sp|Q8IXH7|NELFD_HUMAN,Q8IXH7,5,0,-5
sp|Q8NE86|MCU_HUMAN,Q8NE86,5,0,-5
sp|Q8NFH5|NUP35_HUMAN,Q8NFH5,5,0,-5
sp|Q8TBC4|UBA3_HUMAN,Q8TBC4,5,0,-5
sp|Q92783|STAM1_HUMAN,Q92783,5,0,-5
sp|Q969G3|SMCE1_HUMAN,Q969G3,5,0,-5
sp|Q969T9|WBP2_HUMAN,Q969T9,5,0,-5
sp|Q96DZ1|ERLEC_HUMAN,Q96DZ1,5,0,-5
sp|Q96FV2|SCRN2_HUMAN,Q96FV2,5,0,-5
sp|Q96HS1|PGAM5_HUMAN,Q96HS1,4,9,5
sp|Q96PK6|RBM14_HUMAN,Q96PK6,22,17,-5
sp|Q99497|PARK7_HUMAN,Q99497,33,28,-5
sp|Q99538|LGMN_HUMAN,Q99538,5,0,-5
sp|Q99653|CHP1_HUMAN,Q99653,7,2,-5
sp|Q9BTD8|RBM42_HUMAN,Q9BTD8,5,0,-5
sp|Q9BW91|NUDT9_HUMAN,Q9BW91,5,0,-5
sp|Q9BXJ9|NAA15_HUMAN,Q9BXJ9,5,10,5
sp|Q9BXW7|HDHD5_HUMAN,Q9BXW7,5,0,-5
sp|Q9BY43|CHM4A_HUMAN,Q9BY43,5,0,-5
sp|Q9C0C2|TB182_HUMAN,Q9C0C2,30,25,-5
sp|Q9GZY8|MFF_HUMAN,Q9GZY8,5,0,-5
sp|Q9H074|PAIP1_HUMAN,Q9H074,5,0,-5
sp|Q9H0W9|CK054_HUMAN,Q9H0W9,5,0,-5
sp|Q9H2G2|SLK_HUMAN,Q9H2G2,5,0,-5
sp|Q9H4A3|WNK1_HUMAN,Q9H4A3,5,0,-5
sp|Q9H4A4|AMPB_HUMAN,Q9H4A4,18,23,5
sp|Q9H4M9|EHD1_HUMAN,Q9H4M9,21,26,5
sp|Q9H8Y8|GORS2_HUMAN,Q9H8Y8,5,0,-5
sp|Q9NQW7|XPP1_HUMAN,Q9NQW7,5,0,-5
sp|Q9NR12|PDLI7_HUMAN,Q9NR12,5,0,-5
sp|Q9NR45|SIAS_HUMAN,Q9NR45,12,7,-5
sp|Q9NSD9|SYFB_HUMAN,Q9NSD9,5,10,5
sp|Q9NYK5|RM39_HUMAN,Q9NYK5,5,0,-5
sp|Q9NYL9|TMOD3_HUMAN,Q9NYL9,18,13,-5
sp|Q9NYU2|UGGG1_HUMAN,Q9NYU2,5,0,-5
sp|Q9NZN4|EHD2_HUMAN,Q9NZN4,19,14,-5
sp|Q9NZT2|OGFR_HUMAN,Q9NZT2,5,0,-5
sp|Q9P258|RCC2_HUMAN,Q9P258,12,17,5
sp|Q9P2B2|FPRP_HUMAN,Q9P2B2,7,2,-5
sp|Q9P2R3|ANFY1_HUMAN,Q9P2R3,5,0,-5
sp|Q9UBC2|EP15R_HUMAN,Q9UBC2,5,0,-5
sp|Q9UBT2|SAE2_HUMAN,Q9UBT2,17,22,5
sp|Q9UGV2|NDRG3_HUMAN,Q9UGV2,5,0,-5
sp|Q9UI09|NDUAC_HUMAN,Q9UI09,8,3,-5
sp|Q9UIA9|XPO7_HUMAN,Q9UIA9,3,8,5
sp|Q9UJA5|TRM6_HUMAN,Q9UJA5,3,8,5
sp|Q9UJV9|DDX41_HUMAN,Q9UJV9,9,4,-5
sp|Q9UK76|JUPI1_HUMAN,Q9UK76,5,0,-5
sp|Q9UKD2|MRT4_HUMAN,Q9UKD2,4,9,5
sp|Q9Y237|PIN4_HUMAN,Q9Y237,5,0,-5
sp|Q9Y265|RUVB1_HUMAN,Q9Y265,29,24,-5
sp|Q9Y266|NUDC_HUMAN,Q9Y266,19,14,-5
sp|Q9Y277|VDAC3_HUMAN,Q9Y277,5,0,-5
sp|Q9Y2S7|PDIP2_HUMAN,Q9Y2S7,5,10,5
sp|Q9Y446|PKP3_HUMAN,Q9Y446,5,0,-5
sp|Q9Y5S9|RBM8A_HUMAN,Q9Y5S9,5,0,-5
sp|P61956|SUMO2_HUMAN,P61956,5,0,-5
sp|Q9Y3E7|CHMP3_HUMAN,Q9Y3E7,1,6,5
sp|Q92887|MRP2_HUMAN,Q92887,1,6,5
sp|O00204-2|ST2B1_HUMAN,O00204-2,0,5,5
sp|O00767|ACOD_HUMAN,O00767,0,5,5
sp|O15027-2|SC16A_HUMAN,O15027-2,0,5,5
sp|O15231-3|ZN185_HUMAN,O15231-3,0,5,5
sp|O15294-3|OGT1_HUMAN,O15294-3,0,5,5
sp|O15446-2|RPA34_HUMAN,O15446-2,0,5,5
sp|O43491-3|E41L2_HUMAN,O43491-3,0,5,5
sp|O43670-2|ZN207_HUMAN,O43670-2,0,5,5
sp|O43847-2|NRDC_HUMAN,O43847-2,0,5,5
sp|O75569-2|PRKRA_HUMAN,O75569-2,0,5,5
sp|O76021|RL1D1_HUMAN,O76021,0,5,5
sp|O94973-2|AP2A2_HUMAN,O94973-2,0,5,5
sp|O95168-2|NDUB4_HUMAN,O95168-2,0,5,5
sp|O95197-3|RTN3_HUMAN,O95197-3,0,5,5
sp|O95340-2|PAPS2_HUMAN,O95340-2,0,5,5
sp|O95361|TRI16_HUMAN,O95361,0,5,5
sp|O95453-2|PARN_HUMAN,O95453-2,0,5,5
sp|O95861-4|BPNT1_HUMAN,O95861-4,0,5,5
sp|P04150-10|GCR_HUMAN,P04150-10,0,5,5
sp|P07948-2|LYN_HUMAN,P07948-2,0,5,5
sp|P08237-3|PFKAM_HUMAN,P08237-3,0,5,5
sp|P10619-2|PPGB_HUMAN,P10619-2,0,5,5
sp|P11234-2|RALB_HUMAN,P11234-2,0,5,5
sp|P14324-2|FPPS_HUMAN,P14324-2,0,5,5
sp|P15151-2|PVR_HUMAN,P15151-2,0,5,5
sp|P15586-2|GNS_HUMAN,P15586-2,0,5,5
sp|P18859-2|ATP5J_HUMAN,P18859-2,0,5,5
sp|P28340|DPOD1_HUMAN,P28340,0,5,5
sp|P29218-3|IMPA1_HUMAN,P29218-3,0,5,5
sp|P30519-2|HMOX2_HUMAN,P30519-2,0,5,5
sp|P32321-2|DCTD_HUMAN,P32321-2,0,5,5
sp|P42126-2|ECI1_HUMAN,P42126-2,0,5,5
sp|P42892-2|ECE1_HUMAN,P42892-2,0,5,5
sp|P43246-2|MSH2_HUMAN,P43246-2,0,5,5
sp|P45985-2|MP2K4_HUMAN,P45985-2,0,5,5
sp|P49902-2|5NTC_HUMAN,P49902-2,0,5,5
sp|P51452-2|DUS3_HUMAN,P51452-2,0,5,5
sp|P51690|ARSE_HUMAN,P51690,0,5,5
sp|P52594-2|AGFG1_HUMAN,P52594-2,0,5,5
sp|P53367-2|ARFP1_HUMAN,P53367-2,0,5,5
sp|P53611|PGTB2_HUMAN,P53611,0,5,5
sp|P56134-2|ATPK_HUMAN,P56134-2,0,5,5
sp|P56211-2|ARP19_HUMAN,P56211-2,0,5,5
sp|P59998-2|ARPC4_HUMAN,P59998-2,0,5,5
sp|P61006-2|RAB8A_HUMAN,P61006-2,0,5,5
sp|P62847-2|RS24_HUMAN,P62847-2,0,5,5
sp|P63151-2|2ABA_HUMAN,P63151-2,0,5,5
sp|Q05519-2|SRS11_HUMAN,Q05519-2,0,5,5
sp|Q13155-2|AIMP2_HUMAN,Q13155-2,0,5,5
sp|Q13642-1|FHL1_HUMAN,Q13642-1,0,5,5
sp|Q13907-2|IDI1_HUMAN,Q13907-2,0,5,5
sp|Q14160-3|SCRIB_HUMAN,Q14160-3,0,5,5
sp|Q15417-3|CNN3_HUMAN,Q15417-3,0,5,5
sp|Q52LJ0-2|FA98B_HUMAN,Q52LJ0-2,0,5,5
sp|Q6FI81-3|CPIN1_HUMAN,Q6FI81-3,0,5,5
sp|Q6P1L8|RM14_HUMAN,Q6P1L8,0,5,5
sp|Q6PIU2-2|NCEH1_HUMAN,Q6PIU2-2,0,5,5
sp|Q6Y7W6-3|GGYF2_HUMAN,Q6Y7W6-3,0,5,5
sp|Q7L2E3-2|DHX30_HUMAN,Q7L2E3-2,0,5,5
sp|Q86UK7-2|ZN598_HUMAN,Q86UK7-2,0,5,5
sp|Q86W92-2|LIPB1_HUMAN,Q86W92-2,0,5,5
sp|Q8TCT9-5|HM13_HUMAN,Q8TCT9-5,0,5,5
sp|Q8TEQ6|GEMI5_HUMAN,Q8TEQ6,0,5,5
sp|Q8WTV0-2|SCRB1_HUMAN,Q8WTV0-2,0,5,5
sp|Q8WWI1-3|LMO7_HUMAN,Q8WWI1-3,0,5,5
sp|Q92879-4|CELF1_HUMAN,Q92879-4,0,5,5
sp|Q92890-1|UFD1_HUMAN,Q92890-1,0,5,5
sp|Q969V3-2|NCLN_HUMAN,Q969V3-2,0,5,5
sp|Q96ER9-2|CCD51_HUMAN,Q96ER9-2,0,5,5
sp|Q96KB5-2|TOPK_HUMAN,Q96KB5-2,0,5,5
sp|Q9BPX3|CND3_HUMAN,Q9BPX3,0,5,5
sp|Q9BV36-2|MELPH_HUMAN,Q9BV36-2,0,5,5
sp|Q9BZZ5-2|API5_HUMAN,Q9BZZ5-2,0,5,5
sp|Q9H6Z4-2|RANB3_HUMAN,Q9H6Z4-2,0,5,5
sp|Q9H8S9|MOB1A_HUMAN,Q9H8S9,0,5,5
sp|Q9HCE1-2|MOV10_HUMAN,Q9HCE1-2,0,5,5
sp|Q9NY12-2|GAR1_HUMAN,Q9NY12-2,0,5,5
sp|Q9NZT2-2|OGFR_HUMAN,Q9NZT2-2,0,5,5
sp|Q9P287-3|BCCIP_HUMAN,Q9P287-3,0,5,5
sp|Q9UBQ0-2|VPS29_HUMAN,Q9UBQ0-2,0,5,5
sp|Q9UBQ5-2|EIF3K_HUMAN,Q9UBQ5-2,0,5,5
sp|Q9UBW8|CSN7A_HUMAN,Q9UBW8,0,5,5
sp|Q9UIQ6-2|LCAP_HUMAN,Q9UIQ6-2,0,5,5
sp|Q9UJS0-2|CMC2_HUMAN,Q9UJS0-2,0,5,5
sp|Q9ULD2-2|MTUS1_HUMAN,Q9ULD2-2,0,5,5
sp|Q9UNE7-2|CHIP_HUMAN,Q9UNE7-2,0,5,5
sp|Q9UNF1-2|MAGD2_HUMAN,Q9UNF1-2,0,5,5
sp|Q9Y223-2|GLCNE_HUMAN,Q9Y223-2,0,5,5
sp|Q9Y608-2|LRRF2_HUMAN,Q9Y608-2,0,5,5
sp|Q9Y639-1|NPTN_HUMAN,Q9Y639-1,0,5,5
sp|Q9Y6I3-1|EPN1_HUMAN,Q9Y6I3-1,0,5,5
sp|Q969G3-2|SMCE1_HUMAN,Q969G3-2,0,5,5
sp|A8K0Z3|WASH1_HUMAN,A8K0Z3,4,0,-4
sp|O00148|DX39A_HUMAN,O00148,2,6,4
sp|O00499|BIN1_HUMAN,O00499,4,0,-4
sp|O00754|MA2B1_HUMAN,O00754,4,0,-4
sp|O14497|ARI1A_HUMAN,O14497,4,0,-4
sp|O14639|ABLM1_HUMAN,O14639,4,0,-4
sp|O14737|PDCD5_HUMAN,O14737,14,10,-4
sp|O14744|ANM5_HUMAN,O14744,4,8,4
sp|O15231|ZN185_HUMAN,O15231,4,0,-4
sp|O15294|OGT1_HUMAN,O15294,4,0,-4
sp|O43493|TGON2_HUMAN,O43493,4,0,-4
sp|O43617|TPPC3_HUMAN,O43617,4,8,4
sp|O43760|SNG2_HUMAN,O43760,4,0,-4
sp|O60271|JIP4_HUMAN,O60271,4,0,-4
sp|O60936|NOL3_HUMAN,O60936,4,0,-4
sp|O75367|H2AY_HUMAN,O75367,4,0,-4
sp|O75400|PR40A_HUMAN,O75400,4,0,-4
sp|O75410|TACC1_HUMAN,O75410,4,0,-4
sp|O75436|VP26A_HUMAN,O75436,2,6,4
sp|O75475|PSIP1_HUMAN,O75475,16,20,4
sp|O75674|TM1L1_HUMAN,O75674,4,0,-4
sp|O75934|SPF27_HUMAN,O75934,4,8,4
sp|O76094|SRP72_HUMAN,O76094,4,0,-4
sp|O94763|RMP_HUMAN,O94763,4,0,-4
sp|O94973|AP2A2_HUMAN,O94973,4,0,-4
sp|O95169|NDUB8_HUMAN,O95169,4,0,-4
sp|O95182|NDUA7_HUMAN,O95182,5,1,-4
sp|O95573|ACSL3_HUMAN,O95573,11,15,4
sp|O95747|OXSR1_HUMAN,O95747,5,1,-4
sp|O96019|ACL6A_HUMAN,O96019,4,0,-4
sp|P00441|SODC_HUMAN,P00441,18,14,-4
sp|P00533|EGFR_HUMAN,P00533,22,18,-4
sp|P02794|FRIH_HUMAN,P02794,11,7,-4
sp|P04080|CYTB_HUMAN,P04080,9,5,-4
sp|P04843|RPN1_HUMAN,P04843,16,20,4
sp|P05556|ITB1_HUMAN,P05556,37,33,-4
sp|P06703|S10A6_HUMAN,P06703,18,22,4
sp|P07942|LAMB1_HUMAN,P07942,15,19,4
sp|P08238|HS90B_HUMAN,P08238,76,72,-4
sp|P08962|CD63_HUMAN,P08962,4,0,-4
sp|P09417|DHPR_HUMAN,P09417,4,0,-4
sp|P09960|LKHA4_HUMAN,P09960,25,29,4
sp|P0DMV8|HS71A_HUMAN,P0DMV8,47,51,4
sp|P10619|PPGB_HUMAN,P10619,4,0,-4
sp|P11169|GTR3_HUMAN,P11169,4,0,-4
sp|P13861|KAP2_HUMAN,P13861,4,0,-4
sp|P15151|PVR_HUMAN,P15151,4,0,-4
sp|P16144|ITB4_HUMAN,P16144,4,0,-4
sp|P17480|UBF1_HUMAN,P17480,4,0,-4
sp|P17676|CEBPB_HUMAN,P17676,4,0,-4
sp|P18084|ITB5_HUMAN,P18084,18,14,-4
sp|P22102|PUR2_HUMAN,P22102,9,13,4
sp|P23786|CPT2_HUMAN,P23786,4,0,-4
sp|P23919|KTHY_HUMAN,P23919,13,9,-4
sp|P25685|DNJB1_HUMAN,P25685,12,8,-4
sp|P25774|CATS_HUMAN,P25774,4,0,-4
sp|P27216|ANX13_HUMAN,P27216,4,0,-4
sp|P28070|PSB4_HUMAN,P28070,2,6,4
sp|P28482|MK01_HUMAN,P28482,7,11,4
sp|P30566|PUR8_HUMAN,P30566,4,0,-4
sp|P30740|ILEU_HUMAN,P30740,13,17,4
sp|P35268|RL22_HUMAN,P35268,10,6,-4
sp|P35612|ADDB_HUMAN,P35612,4,0,-4
sp|P40222|TXLNA_HUMAN,P40222,3,7,4
sp|P42126|ECI1_HUMAN,P42126,4,0,-4
sp|P42892|ECE1_HUMAN,P42892,4,0,-4
sp|P43353|AL3B1_HUMAN,P43353,8,4,-4
sp|P43686|PRS6B_HUMAN,P43686,20,16,-4
sp|P46379|BAG6_HUMAN,P46379,4,0,-4
sp|P46776|RL27A_HUMAN,P46776,4,8,4
sp|P49257|LMAN1_HUMAN,P49257,12,8,-4
sp|P49368|TCPG_HUMAN,P49368,40,44,4
sp|P49591|SYSC_HUMAN,P49591,4,8,4
sp|P50502|F10A1_HUMAN,P50502,13,17,4
sp|P50991|TCPD_HUMAN,P50991,33,37,4
sp|P52306|GDS1_HUMAN,P52306,4,0,-4
sp|P53992|SC24C_HUMAN,P53992,7,11,4
sp|P55145|MANF_HUMAN,P55145,12,8,-4
sp|P56134|ATPK_HUMAN,P56134,4,0,-4
sp|P60228|EIF3E_HUMAN,P60228,15,19,4
sp|P60900|PSA6_HUMAN,P60900,11,15,4
sp|P60983|GMFB_HUMAN,P60983,5,1,-4
sp|P61006|RAB8A_HUMAN,P61006,4,0,-4
sp|P61978|HNRPK_HUMAN,P61978,58,54,-4
sp|P62140|PP1B_HUMAN,P62140,14,10,-4
sp|P62820|RAB1A_HUMAN,P62820,8,4,-4
sp|P62841|RS15_HUMAN,P62841,5,9,4
sp|P62879|GBB2_HUMAN,P62879,10,6,-4
sp|P62910|RL32_HUMAN,P62910,7,11,4
sp|P63173|RL38_HUMAN,P63173,12,16,4
sp|P63279|UBC9_HUMAN,P63279,11,7,-4
sp|P68431|H31_HUMAN,P68431,13,17,4
sp|P80723|BASP1_HUMAN,P80723,20,16,-4
sp|Q03252|LMNB2_HUMAN,Q03252,6,10,4
sp|Q05519|SRS11_HUMAN,Q05519,4,0,-4
sp|Q13057|COASY_HUMAN,Q13057,4,0,-4
sp|Q13347|EIF3I_HUMAN,Q13347,10,14,4
sp|Q13409|DC1I2_HUMAN,Q13409,4,0,-4
sp|Q13423|NNTM_HUMAN,Q13423,8,4,-4
sp|Q13505|MTX1_HUMAN,Q13505,4,0,-4
sp|Q13564|ULA1_HUMAN,Q13564,4,0,-4
sp|Q13586|STIM1_HUMAN,Q13586,14,10,-4
sp|Q13868|EXOS2_HUMAN,Q13868,4,0,-4
sp|Q13907|IDI1_HUMAN,Q13907,4,0,-4
sp|Q14126|DSG2_HUMAN,Q14126,4,8,4
sp|Q14152|EIF3A_HUMAN,Q14152,54,50,-4
sp|Q14258|TRI25_HUMAN,Q14258,4,8,4
sp|Q14738|2A5D_HUMAN,Q14738,4,0,-4
sp|Q15059|BRD3_HUMAN,Q15059,9,5,-4
sp|Q15428|SF3A2_HUMAN,Q15428,9,5,-4
sp|Q15436|SC23A_HUMAN,Q15436,7,11,4
sp|Q16576|RBBP7_HUMAN,Q16576,22,18,-4
sp|Q2TAA2|IAH1_HUMAN,Q2TAA2,4,0,-4
sp|Q53EL6|PDCD4_HUMAN,Q53EL6,4,0,-4
sp|Q53GQ0|DHB12_HUMAN,Q53GQ0,13,9,-4
sp|Q5JU85|IQEC2_HUMAN,Q5JU85,4,0,-4
sp|Q5T8P6|RBM26_HUMAN,Q5T8P6,4,0,-4
sp|Q5TGZ0|MIC10_HUMAN,Q5TGZ0,4,0,-4
sp|Q5VT52|RPRD2_HUMAN,Q5VT52,4,0,-4
sp|Q6IBS0|TWF2_HUMAN,Q6IBS0,5,9,4
sp|Q6NUQ4|TM214_HUMAN,Q6NUQ4,4,0,-4
sp|Q6NZY4|ZCHC8_HUMAN,Q6NZY4,4,0,-4
sp|Q6PKG0|LARP1_HUMAN,Q6PKG0,5,9,4
sp|Q7Z7H5|TMED4_HUMAN,Q7Z7H5,4,0,-4
sp|Q7Z7K6|CENPV_HUMAN,Q7Z7K6,4,0,-4
sp|Q86W92|LIPB1_HUMAN,Q86W92,4,0,-4
sp|Q8IV08|PLD3_HUMAN,Q8IV08,7,3,-4
sp|Q8IXM2|BAP18_HUMAN,Q8IXM2,4,0,-4
sp|Q8IY67|RAVR1_HUMAN,Q8IY67,4,0,-4
sp|Q8IYB3|SRRM1_HUMAN,Q8IYB3,4,0,-4
sp|Q8N4H5|TOM5_HUMAN,Q8N4H5,4,0,-4
sp|Q8N6H7|ARFG2_HUMAN,Q8N6H7,4,0,-4
sp|Q8NBF2|NHLC2_HUMAN,Q8NBF2,4,0,-4
sp|Q8NBU5|ATAD1_HUMAN,Q8NBU5,6,2,-4
sp|Q8TAT6|NPL4_HUMAN,Q8TAT6,4,0,-4
sp|Q8TCZ2|C99L2_HUMAN,Q8TCZ2,4,0,-4
sp|Q8WVV4|POF1B_HUMAN,Q8WVV4,4,0,-4
sp|Q8WXX5|DNJC9_HUMAN,Q8WXX5,10,6,-4
sp|Q92692|NECT2_HUMAN,Q92692,4,0,-4
sp|Q93008|USP9X_HUMAN,Q93008,4,0,-4
sp|Q969X5|ERGI1_HUMAN,Q969X5,4,0,-4
sp|Q96A26|F162A_HUMAN,Q96A26,8,4,-4
sp|Q96A49|SYAP1_HUMAN,Q96A49,11,7,-4
sp|Q96JJ3|ELMO2_HUMAN,Q96JJ3,4,0,-4
sp|Q96RP9|EFGM_HUMAN,Q96RP9,2,6,4
sp|Q96T60|PNKP_HUMAN,Q96T60,4,0,-4
sp|Q96TA2|YMEL1_HUMAN,Q96TA2,4,0,-4
sp|Q99426|TBCB_HUMAN,Q99426,13,17,4
sp|Q99714|HCD2_HUMAN,Q99714,20,16,-4
sp|Q9BPX6|MICU1_HUMAN,Q9BPX6,4,0,-4
sp|Q9BR76|COR1B_HUMAN,Q9BR76,5,9,4
sp|Q9BRQ6|MIC25_HUMAN,Q9BRQ6,5,1,-4
sp|Q9BTC0|DIDO1_HUMAN,Q9BTC0,4,0,-4
sp|Q9BTT0|AN32E_HUMAN,Q9BTT0,3,7,4
sp|Q9BUF5|TBB6_HUMAN,Q9BUF5,12,8,-4
sp|Q9BVG8|KIFC3_HUMAN,Q9BVG8,4,0,-4
sp|Q9BY44|EIF2A_HUMAN,Q9BY44,4,0,-4
sp|Q9GZS3|WDR61_HUMAN,Q9GZS3,3,7,4
sp|Q9H061|T126A_HUMAN,Q9H061,5,1,-4
sp|Q9H0P0|5NT3A_HUMAN,Q9H0P0,4,0,-4
sp|Q9H2D6|TARA_HUMAN,Q9H2D6,4,0,-4
sp|Q9H7E9|CH033_HUMAN,Q9H7E9,4,0,-4
sp|Q9H9B4|SFXN1_HUMAN,Q9H9B4,18,14,-4
sp|Q9NP72|RAB18_HUMAN,Q9NP72,2,6,4
sp|Q9NPJ3|ACO13_HUMAN,Q9NPJ3,4,0,-4
sp|Q9NVS9|PNPO_HUMAN,Q9NVS9,4,0,-4
sp|Q9NWS0|PIHD1_HUMAN,Q9NWS0,4,0,-4
sp|Q9NXG2|THUM1_HUMAN,Q9NXG2,9,5,-4
sp|Q9NY12|GAR1_HUMAN,Q9NY12,4,0,-4
sp|Q9P0V9|SEP10_HUMAN,Q9P0V9,4,0,-4
sp|Q9P287|BCCIP_HUMAN,Q9P287,4,0,-4
sp|Q9UBG0|MRC2_HUMAN,Q9UBG0,9,5,-4
sp|Q9UBQ0|VPS29_HUMAN,Q9UBQ0,4,0,-4
sp|Q9UHR5|S30BP_HUMAN,Q9UHR5,4,0,-4
sp|Q9UIJ7|KAD3_HUMAN,Q9UIJ7,15,11,-4
sp|Q9UJZ1|STML2_HUMAN,Q9UJZ1,17,13,-4
sp|Q9UMS4|PRP19_HUMAN,Q9UMS4,11,15,4
sp|Q9UMY4|SNX12_HUMAN,Q9UMY4,4,0,-4
sp|Q9Y3A5|SBDS_HUMAN,Q9Y3A5,9,5,-4
sp|Q9Y3B8|ORN_HUMAN,Q9Y3B8,4,0,-4
sp|Q9Y3D0|CIA2B_HUMAN,Q9Y3D0,4,0,-4
sp|Q9Y3I0|RTCB_HUMAN,Q9Y3I0,18,22,4
sp|Q9Y4B5|MTCL1_HUMAN,Q9Y4B5,4,0,-4
sp|Q9Y618|NCOR2_HUMAN,Q9Y618,4,0,-4
sp|P47895|AL1A3_HUMAN,P47895,1,5,4
sp|Q13547|HDAC1_HUMAN,Q13547,4,0,-4
sp|P47989|XDH_HUMAN,P47989,1,5,4
sp|Q92615|LAR4B_HUMAN,Q92615,1,5,4
sp|P05976|MYL1_HUMAN,P05976,4,0,-4
sp|P07305|H10_HUMAN,P07305,1,5,4
sp|C4AMC7|WASH3_HUMAN,C4AMC7,0,4,4
sp|O00186|STXB3_HUMAN,O00186,0,4,4
sp|O00499-10|BIN1_HUMAN,O00499-10,0,4,4
sp|O00541-2|PESC_HUMAN,O00541-2,0,4,4
sp|O00743-3|PPP6_HUMAN,O00743-3,0,4,4
sp|O15173-2|PGRC2_HUMAN,O15173-2,0,4,4
sp|O15226-2|NKRF_HUMAN,O15226-2,0,4,4
sp|O43592|XPOT_HUMAN,O43592,0,4,4
sp|O43660-2|PLRG1_HUMAN,O43660-2,0,4,4
sp|O43665-2|RGS10_HUMAN,O43665-2,0,4,4
sp|O43681|ASNA_HUMAN,O43681,0,4,4
sp|O43747-2|AP1G1_HUMAN,O43747-2,0,4,4
sp|O43760-2|SNG2_HUMAN,O43760-2,0,4,4
sp|O60502-4|OGA_HUMAN,O60502-4,0,4,4
sp|O60504-2|VINEX_HUMAN,O60504-2,0,4,4
sp|O60936-3|NOL3_HUMAN,O60936-3,0,4,4
sp|O75376-2|NCOR1_HUMAN,O75376-2,0,4,4
sp|O75792|RNH2A_HUMAN,O75792,0,4,4
sp|O94906-2|PRP6_HUMAN,O94906-2,0,4,4
sp|O95297-2|MPZL1_HUMAN,O95297-2,0,4,4
sp|P03928|ATP8_HUMAN,P03928,0,4,4
sp|P04062-2|GLCM_HUMAN,P04062-2,0,4,4
sp|P08962-2|CD63_HUMAN,P08962-2,0,4,4
sp|P11908-2|PRPS2_HUMAN,P11908-2,0,4,4
sp|P13611-2|CSPG2_HUMAN,P13611-2,0,4,4
sp|P13674-2|P4HA1_HUMAN,P13674-2,0,4,4
sp|P13995-2|MTDC_HUMAN,P13995-2,0,4,4
sp|P18754-2|RCC1_HUMAN,P18754-2,0,4,4
sp|P19525|E2AK2_HUMAN,P19525,0,4,4
sp|P25774-2|CATS_HUMAN,P25774-2,0,4,4
sp|P27361-2|MK03_HUMAN,P27361-2,0,4,4
sp|P30566-2|PUR8_HUMAN,P30566-2,0,4,4
sp|P35250-2|RFC2_HUMAN,P35250-2,0,4,4
sp|P36639-2|8ODP_HUMAN,P36639-2,0,4,4
sp|P36776-2|LONM_HUMAN,P36776-2,0,4,4
sp|P39880-2|CUX1_HUMAN,P39880-2,0,4,4
sp|P40121-2|CAPG_HUMAN,P40121-2,0,4,4
sp|P40937-2|RFC5_HUMAN,P40937-2,0,4,4
sp|P43307-2|SSRA_HUMAN,P43307-2,0,4,4
sp|P46937-2|YAP1_HUMAN,P46937-2,0,4,4
sp|P49023-2|PAXI_HUMAN,P49023-2,0,4,4
sp|P49757-2|NUMB_HUMAN,P49757-2,0,4,4
sp|P51649-2|SSDH_HUMAN,P51649-2,0,4,4
sp|P55263-2|ADK_HUMAN,P55263-2,0,4,4
sp|P56378-2|68MP_HUMAN,P56378-2,0,4,4
sp|P60604-2|UB2G2_HUMAN,P60604-2,0,4,4
sp|P61916-2|NPC2_HUMAN,P61916-2,0,4,4
sp|P61956-2|SUMO2_HUMAN,P61956-2,0,4,4
sp|P80217-2|IN35_HUMAN,P80217-2,0,4,4
sp|Q02252-2|MMSA_HUMAN,Q02252-2,0,4,4
sp|Q07817-2|B2CL1_HUMAN,Q07817-2,0,4,4
sp|Q07973-2|CP24A_HUMAN,Q07973-2,0,4,4
sp|Q12974|TP4A2_HUMAN,Q12974,0,4,4
sp|Q13247-3|SRSF6_HUMAN,Q13247-3,0,4,4
sp|Q13363-2|CTBP1_HUMAN,Q13363-2,0,4,4
sp|Q13564-2|ULA1_HUMAN,Q13564-2,0,4,4
sp|Q14257-2|RCN2_HUMAN,Q14257-2,0,4,4
sp|Q14694-2|UBP10_HUMAN,Q14694-2,0,4,4
sp|Q14978-2|NOLC1_HUMAN,Q14978-2,0,4,4
sp|Q16537-2|2A5E_HUMAN,Q16537-2,0,4,4
sp|Q17RN3-2|FA98C_HUMAN,Q17RN3-2,0,4,4
sp|Q2TAY7|SMU1_HUMAN,Q2TAY7,0,4,4
sp|Q4VC31|CCD58_HUMAN,Q4VC31,0,4,4
sp|Q5H9R7-2|PP6R3_HUMAN,Q5H9R7-2,0,4,4
sp|Q5T1M5-2|FKB15_HUMAN,Q5T1M5-2,0,4,4
sp|Q641Q2-2|WAC2A_HUMAN,Q641Q2-2,0,4,4
sp|Q6NUK1-2|SCMC1_HUMAN,Q6NUK1-2,0,4,4
sp|Q6P587-2|FAHD1_HUMAN,Q6P587-2,0,4,4
sp|Q6PJT7-10|ZC3HE_HUMAN,Q6PJT7-10,0,4,4
sp|Q7Z3B4-3|NUP54_HUMAN,Q7Z3B4-3,0,4,4
sp|Q7Z478|DHX29_HUMAN,Q7Z478,0,4,4
sp|Q7Z4V5-2|HDGR2_HUMAN,Q7Z4V5-2,0,4,4
sp|Q7Z5L9-2|I2BP2_HUMAN,Q7Z5L9-2,0,4,4
sp|Q86TB9-2|PATL1_HUMAN,Q86TB9-2,0,4,4
sp|Q86V48-2|LUZP1_HUMAN,Q86V48-2,0,4,4
sp|Q8IUD2-2|RB6I2_HUMAN,Q8IUD2-2,0,4,4
sp|Q8IYB5-2|SMAP1_HUMAN,Q8IYB5-2,0,4,4
sp|Q8NCA5-2|FA98A_HUMAN,Q8NCA5-2,0,4,4
sp|Q8NE71-2|ABCF1_HUMAN,Q8NE71-2,0,4,4
sp|Q8NE86-3|MCU_HUMAN,Q8NE86-3,0,4,4
sp|Q8TC12|RDH11_HUMAN,Q8TC12,0,4,4
sp|Q8WVV4-1|POF1B_HUMAN,Q8WVV4-1,0,4,4
sp|Q92769-3|HDAC2_HUMAN,Q92769-3,0,4,4
sp|Q969T9-2|WBP2_HUMAN,Q969T9-2,0,4,4
sp|Q969X5-2|ERGI1_HUMAN,Q969X5-2,0,4,4
sp|Q96AC1-3|FERM2_HUMAN,Q96AC1-3,0,4,4
sp|Q96DI7-2|SNR40_HUMAN,Q96DI7-2,0,4,4
sp|Q96K17-2|BT3L4_HUMAN,Q96K17-2,0,4,4
sp|Q96M27-2|PRRC1_HUMAN,Q96M27-2,0,4,4
sp|Q96PZ0-2|PUS7_HUMAN,Q96PZ0-2,0,4,4
sp|Q99700-2|ATX2_HUMAN,Q99700-2,0,4,4
sp|Q9BQG0-2|MBB1A_HUMAN,Q9BQG0-2,0,4,4
sp|Q9BRX5-3|PSF3_HUMAN,Q9BRX5-3,0,4,4
sp|Q9BV38|WDR18_HUMAN,Q9BV38,0,4,4
sp|Q9BXS5-2|AP1M1_HUMAN,Q9BXS5-2,0,4,4
sp|Q9H0B6-2|KLC2_HUMAN,Q9H0B6-2,0,4,4
sp|Q9H0U6|RM18_HUMAN,Q9H0U6,0,4,4
sp|Q9H2U1-2|DHX36_HUMAN,Q9H2U1-2,0,4,4
sp|Q9H7E9-2|CH033_HUMAN,Q9H7E9-2,0,4,4
sp|Q9H9T3-2|ELP3_HUMAN,Q9H9T3-2,0,4,4
sp|Q9NPH2-2|INO1_HUMAN,Q9NPH2-2,0,4,4
sp|Q9NPQ8-2|RIC8A_HUMAN,Q9NPQ8-2,0,4,4
sp|Q9NR12-2|PDLI7_HUMAN,Q9NR12-2,0,4,4
sp|Q9NTX5-2|ECHD1_HUMAN,Q9NTX5-2,0,4,4
sp|Q9NVP1|DDX18_HUMAN,Q9NVP1,0,4,4
sp|Q9NW64-2|RBM22_HUMAN,Q9NW64-2,0,4,4
sp|Q9P0V9-2|SEP10_HUMAN,Q9P0V9-2,0,4,4
sp|Q9P2R7-2|SUCB1_HUMAN,Q9P2R7-2,0,4,4
sp|Q9UBC2-2|EP15R_HUMAN,Q9UBC2-2,0,4,4
sp|Q9UBF2|COPG2_HUMAN,Q9UBF2,0,4,4
sp|Q9UHN6-2|CEIP2_HUMAN,Q9UHN6-2,0,4,4
sp|Q9UJX3-2|APC7_HUMAN,Q9UJX3-2,0,4,4
sp|Q9UQE7|SMC3_HUMAN,Q9UQE7,0,4,4
sp|Q9Y2H0-1|DLGP4_HUMAN,Q9Y2H0-1,0,4,4
sp|Q9Y2Z0-2|SGT1_HUMAN,Q9Y2Z0-2,0,4,4
sp|Q9Y316-3|MEMO1_HUMAN,Q9Y316-3,0,4,4
sp|Q9Y5U2-2|TSSC4_HUMAN,Q9Y5U2-2,0,4,4
tr|A0A1W2PRB8|A0A1W2PRB8_HUMAN,A0A1W2PRB8,0,4,4
tr|B4DL54|B4DL54_HUMAN,B4DL54,0,4,4
tr|Q5JPT2|Q5JPT2_HUMAN,Q5JPT2,0,4,4
sp|O60656-2|UD19_HUMAN,O60656-2,0,4,4
sp|P04899-2|GNAI2_HUMAN,P04899-2,0,4,4
sp|O00161|SNP23_HUMAN,O00161,3,0,-3
sp|O14618|CCS_HUMAN,O14618,3,0,-3
sp|O14980|XPO1_HUMAN,O14980,11,14,3
sp|O15014|ZN609_HUMAN,O15014,3,0,-3
sp|O15160|RPAC1_HUMAN,O15160,3,0,-3
sp|O15347|HMGB3_HUMAN,O15347,15,12,-3
sp|O15400|STX7_HUMAN,O15400,3,0,-3
sp|O15438|MRP3_HUMAN,O15438,3,0,-3
sp|O15446|RPA34_HUMAN,O15446,3,0,-3
sp|O15511|ARPC5_HUMAN,O15511,8,11,3
sp|O43242|PSMD3_HUMAN,O43242,13,16,3
sp|O43264|ZW10_HUMAN,O43264,3,0,-3
sp|O43291|SPIT2_HUMAN,O43291,9,6,-3
sp|O43414|ERI3_HUMAN,O43414,3,0,-3
sp|O43681|GET3_HUMAN,O43681,3,0,-3
sp|O43765|SGTA_HUMAN,O43765,5,8,3
sp|O43837|IDH3B_HUMAN,O43837,7,10,3
sp|O60739|EIF1B_HUMAN,O60739,3,6,3
sp|O60826|CCD22_HUMAN,O60826,4,1,-3
sp|O60888|CUTA_HUMAN,O60888,3,0,-3
sp|O75150|BRE1B_HUMAN,O75150,3,0,-3
sp|O75175|CNOT3_HUMAN,O75175,3,0,-3
sp|O75390|CISY_HUMAN,O75390,21,18,-3
sp|O75394|RM33_HUMAN,O75394,4,1,-3
sp|O75438|NDUB1_HUMAN,O75438,3,0,-3
sp|O75477|ERLN1_HUMAN,O75477,6,3,-3
sp|O75494|SRS10_HUMAN,O75494,3,0,-3
sp|O75531|BAF_HUMAN,O75531,19,16,-3
sp|O75880|SCO1_HUMAN,O75880,6,3,-3
sp|O76071|CIAO1_HUMAN,O76071,4,7,3
sp|O94826|TOM70_HUMAN,O94826,22,25,3
sp|O94874|UFL1_HUMAN,O94874,4,7,3
sp|O94905|ERLN2_HUMAN,O94905,2,5,3
sp|O95139|NDUB6_HUMAN,O95139,2,5,3
sp|O95208|EPN2_HUMAN,O95208,3,0,-3
sp|O95219|SNX4_HUMAN,O95219,3,0,-3
sp|O95232|LC7L3_HUMAN,O95232,3,6,3
sp|O95249|GOSR1_HUMAN,O95249,4,1,-3
sp|O95299|NDUAA_HUMAN,O95299,6,3,-3
sp|O95302|FKBP9_HUMAN,O95302,3,6,3
sp|O95359|TACC2_HUMAN,O95359,3,0,-3
sp|O95757|HS74L_HUMAN,O95757,6,3,-3
sp|O95834|EMAL2_HUMAN,O95834,3,0,-3
sp|O96013|PAK4_HUMAN,O96013,2,5,3
sp|P04350|TBB4A_HUMAN,P04350,3,6,3
sp|P04632|CPNS1_HUMAN,P04632,20,17,-3
sp|P04792|HSPB1_HUMAN,P04792,36,33,-3
sp|P07108|ACBP_HUMAN,P07108,17,14,-3
sp|P07919|QCR6_HUMAN,P07919,7,4,-3
sp|P08237|PFKAM_HUMAN,P08237,3,0,-3
sp|P08648|ITA5_HUMAN,P08648,4,1,-3
sp|P09012|SNRPA_HUMAN,P09012,14,11,-3
sp|P09429|HMGB1_HUMAN,P09429,39,42,3
sp|P09972|ALDOC_HUMAN,P09972,14,11,-3
sp|P10515|ODP2_HUMAN,P10515,5,8,3
sp|P10606|COX5B_HUMAN,P10606,13,10,-3
sp|P11047|LAMC1_HUMAN,P11047,12,9,-3
sp|P11234|RALB_HUMAN,P11234,3,0,-3
sp|P12429|ANXA3_HUMAN,P12429,28,25,-3
sp|P13073|COX41_HUMAN,P13073,18,15,-3
sp|P13995|MTDC_HUMAN,P13995,3,0,-3
sp|P15924|DESP_HUMAN,P15924,2,5,3
sp|P15954|COX7C_HUMAN,P15954,2,5,3
sp|P16333|NCK1_HUMAN,P16333,3,0,-3
sp|P17301|ITA2_HUMAN,P17301,10,7,-3
sp|P17302|CXA1_HUMAN,P17302,3,0,-3
sp|P17655|CAN2_HUMAN,P17655,9,12,3
sp|P18858|DNLI1_HUMAN,P18858,3,0,-3
sp|P19022|CADH2_HUMAN,P19022,3,0,-3
sp|P19388|RPAB1_HUMAN,P19388,7,4,-3
sp|P20339|RAB5A_HUMAN,P20339,3,0,-3
sp|P21283|VATC1_HUMAN,P21283,7,10,3
sp|P21912|SDHB_HUMAN,P21912,15,12,-3
sp|P21964|COMT_HUMAN,P21964,3,0,-3
sp|P22087|FBRL_HUMAN,P22087,11,14,3
sp|P24534|EF1B_HUMAN,P24534,12,15,3
sp|P25789|PSA4_HUMAN,P25789,10,13,3
sp|P26583|HMGB2_HUMAN,P26583,12,9,-3
sp|P27694|RFA1_HUMAN,P27694,3,6,3
sp|P28066|PSA5_HUMAN,P28066,15,12,-3
sp|P29353|SHC1_HUMAN,P29353,3,0,-3
sp|P30040|ERP29_HUMAN,P30040,14,17,3
sp|P31689|DNJA1_HUMAN,P31689,15,12,-3
sp|P31948|STIP1_HUMAN,P31948,86,89,3
sp|P35052|GPC1_HUMAN,P35052,5,2,-3
sp|P35270|SPRE_HUMAN,P35270,18,15,-3
sp|P35659|DEK_HUMAN,P35659,18,15,-3
sp|P35754|GLRX1_HUMAN,P35754,6,9,3
sp|P36405|ARL3_HUMAN,P36405,9,6,-3
sp|P36507|MP2K2_HUMAN,P36507,3,6,3
sp|P36776|LONM_HUMAN,P36776,3,0,-3
sp|P36957|ODO2_HUMAN,P36957,12,9,-3
sp|P37837|TALDO_HUMAN,P37837,43,40,-3
sp|P38432|COIL_HUMAN,P38432,3,0,-3
sp|P39656|OST48_HUMAN,P39656,3,0,-3
sp|P40818|UBP8_HUMAN,P40818,3,0,-3
sp|P41208|CETN2_HUMAN,P41208,4,1,-3
sp|P42765|THIM_HUMAN,P42765,20,23,3
sp|P43034|LIS1_HUMAN,P43034,9,12,3
sp|P43307|SSRA_HUMAN,P43307,3,0,-3
sp|P46108|CRK_HUMAN,P46108,6,3,-3
sp|P46782|RS5_HUMAN,P46782,18,21,3
sp|P47985|UCRI_HUMAN,P47985,8,5,-3
sp|P48147|PPCE_HUMAN,P48147,5,8,3
sp|P49005|DPOD2_HUMAN,P49005,4,7,3
sp|P49585|PCY1A_HUMAN,P49585,3,0,-3
sp|P49720|PSB3_HUMAN,P49720,3,6,3
sp|P49755|TMEDA_HUMAN,P49755,7,10,3
sp|P49773|HINT1_HUMAN,P49773,13,10,-3
sp|P49790|NU153_HUMAN,P49790,3,0,-3
sp|P49840|GSK3A_HUMAN,P49840,3,6,3
sp|P50454|SERPH_HUMAN,P50454,19,22,3
sp|P51114|FXR1_HUMAN,P51114,3,0,-3
sp|P51553|IDH3G_HUMAN,P51553,3,0,-3
sp|P51649|SSDH_HUMAN,P51649,3,0,-3
sp|P52564|MP2K6_HUMAN,P52564,3,0,-3
sp|P53384|NUBP1_HUMAN,P53384,3,0,-3
sp|P53999|TCP4_HUMAN,P53999,10,13,3
sp|P54289|CA2D1_HUMAN,P54289,3,0,-3
sp|P55010|IF5_HUMAN,P55010,12,9,-3
sp|P56378|ATP68_HUMAN,P56378,3,0,-3
sp|P60604|UB2G2_HUMAN,P60604,3,0,-3
sp|P60880|SNP25_HUMAN,P60880,3,0,-3
sp|P60953|CDC42_HUMAN,P60953,7,10,3
sp|P61313|RL15_HUMAN,P61313,12,15,3
sp|P61769|B2MG_HUMAN,P61769,2,5,3
sp|P62191|PRS4_HUMAN,P62191,13,16,3
sp|P62249|RS16_HUMAN,P62249,17,20,3
sp|P62750|RL23A_HUMAN,P62750,11,14,3
sp|P62873|GBB1_HUMAN,P62873,3,0,-3
sp|P62906|RL10A_HUMAN,P62906,13,16,3
sp|P62917|RL8_HUMAN,P62917,16,19,3
sp|P63167|DYL1_HUMAN,P63167,12,9,-3
sp|P78371|TCPB_HUMAN,P78371,48,51,3
sp|P78417|GSTO1_HUMAN,P78417,24,21,-3
sp|P83111|LACTB_HUMAN,P83111,3,0,-3
sp|P84095|RHOG_HUMAN,P84095,4,7,3
sp|Q00059|TFAM_HUMAN,Q00059,13,10,-3
sp|Q01105|SET_HUMAN,Q01105,15,18,3
sp|Q02750|MP2K1_HUMAN,Q02750,6,3,-3
sp|Q03169|TNAP2_HUMAN,Q03169,10,7,-3
sp|Q04837|SSBP_HUMAN,Q04837,14,11,-3
sp|Q07065|CKAP4_HUMAN,Q07065,47,44,-3
sp|Q07352|TISB_HUMAN,Q07352,3,0,-3
sp|Q07817|B2CL1_HUMAN,Q07817,3,0,-3
sp|Q08380|LG3BP_HUMAN,Q08380,6,9,3
sp|Q09028|RBBP4_HUMAN,Q09028,3,0,-3
sp|Q10567|AP1B1_HUMAN,Q10567,3,0,-3
sp|Q12846|STX4_HUMAN,Q12846,3,0,-3
sp|Q12849|GRSF1_HUMAN,Q12849,4,7,3
sp|Q13177|PAK2_HUMAN,Q13177,17,14,-3
sp|Q13185|CBX3_HUMAN,Q13185,12,15,3
sp|Q13188|STK3_HUMAN,Q13188,3,0,-3
sp|Q13283|G3BP1_HUMAN,Q13283,25,28,3
sp|Q13464|ROCK1_HUMAN,Q13464,3,0,-3
sp|Q13541|4EBP1_HUMAN,Q13541,5,2,-3
sp|Q14240|IF4A2_HUMAN,Q14240,3,0,-3
sp|Q14257|RCN2_HUMAN,Q14257,3,0,-3
sp|Q14353|GAMT_HUMAN,Q14353,2,5,3
sp|Q147X3|NAA30_HUMAN,Q147X3,3,0,-3
sp|Q15102|PA1B3_HUMAN,Q15102,18,15,-3
sp|Q15599|NHRF2_HUMAN,Q15599,3,0,-3
sp|Q15631|TSN_HUMAN,Q15631,7,4,-3
sp|Q15642|CIP4_HUMAN,Q15642,3,0,-3
sp|Q15813|TBCE_HUMAN,Q15813,3,0,-3
sp|Q16186|ADRM1_HUMAN,Q16186,4,7,3
sp|Q16204|CCDC6_HUMAN,Q16204,8,11,3
sp|Q16537|2A5E_HUMAN,Q16537,3,0,-3
sp|Q16719|KYNU_HUMAN,Q16719,16,19,3
sp|Q16775|GLO2_HUMAN,Q16775,3,0,-3
sp|Q5JPH6|SYEM_HUMAN,Q5JPH6,3,0,-3
sp|Q5T0N5|FBP1L_HUMAN,Q5T0N5,3,0,-3
sp|Q5TFE4|NT5D1_HUMAN,Q5TFE4,2,5,3
sp|Q5VW32|BROX_HUMAN,Q5VW32,5,8,3
sp|Q643R3|LPCT4_HUMAN,Q643R3,3,0,-3
sp|Q68EM7|RHG17_HUMAN,Q68EM7,3,0,-3
sp|Q6PIU2|NCEH1_HUMAN,Q6PIU2,3,0,-3
sp|Q7L0Y3|TM10C_HUMAN,Q7L0Y3,8,5,-3
sp|Q7L592|NDUF7_HUMAN,Q7L592,5,2,-3
sp|Q7Z6K5|ARPIN_HUMAN,Q7Z6K5,3,0,-3
sp|Q86TB9|PATL1_HUMAN,Q86TB9,3,0,-3
sp|Q86U28|ISCA2_HUMAN,Q86U28,3,0,-3
sp|Q86UE4|LYRIC_HUMAN,Q86UE4,8,5,-3
sp|Q86WQ0|NR2CA_HUMAN,Q86WQ0,3,0,-3
sp|Q86Y56|DAAF5_HUMAN,Q86Y56,3,0,-3
sp|Q86YV5|PRAG1_HUMAN,Q86YV5,3,0,-3
sp|Q8IWS0|PHF6_HUMAN,Q8IWS0,3,0,-3
sp|Q8IWX8|CHERP_HUMAN,Q8IWX8,7,10,3
sp|Q8N128|F177A_HUMAN,Q8N128,3,0,-3
sp|Q8N1G4|LRC47_HUMAN,Q8N1G4,7,10,3
sp|Q8N5M4|TTC9C_HUMAN,Q8N5M4,2,5,3
sp|Q8N6T3|ARFG1_HUMAN,Q8N6T3,3,0,-3
sp|Q8NBJ4|GOLM1_HUMAN,Q8NBJ4,3,0,-3
sp|Q8NBX0|SCPDL_HUMAN,Q8NBX0,3,0,-3
sp|Q8NCA5|FA98A_HUMAN,Q8NCA5,3,0,-3
sp|Q8WWV3|RT4I1_HUMAN,Q8WWV3,3,0,-3
sp|Q8WX92|NELFB_HUMAN,Q8WX92,3,0,-3
sp|Q8WZ82|OVCA2_HUMAN,Q8WZ82,2,5,3
sp|Q92542|NICA_HUMAN,Q92542,3,0,-3
sp|Q92552|RT27_HUMAN,Q92552,3,0,-3
sp|Q92599|SEPT8_HUMAN,Q92599,3,0,-3
sp|Q92665|RT31_HUMAN,Q92665,5,2,-3
sp|Q92747|ARC1A_HUMAN,Q92747,2,5,3
sp|Q92785|REQU_HUMAN,Q92785,3,0,-3
sp|Q92882|OSTF1_HUMAN,Q92882,3,0,-3
sp|Q93062|RBPMS_HUMAN,Q93062,3,0,-3
sp|Q96AY3|FKB10_HUMAN,Q96AY3,8,5,-3
sp|Q96C36|P5CR2_HUMAN,Q96C36,5,2,-3
sp|Q96CN7|ISOC1_HUMAN,Q96CN7,5,2,-3
sp|Q96CW1|AP2M1_HUMAN,Q96CW1,3,0,-3
sp|Q96DA6|TIM14_HUMAN,Q96DA6,3,0,-3
sp|Q96E11|RRFM_HUMAN,Q96E11,3,0,-3
sp|Q96EY1|DNJA3_HUMAN,Q96EY1,3,0,-3
sp|Q96GC5|RM48_HUMAN,Q96GC5,3,0,-3
sp|Q96HE7|ERO1A_HUMAN,Q96HE7,16,13,-3
sp|Q96IJ6|GMPPA_HUMAN,Q96IJ6,3,0,-3
sp|Q96IX5|ATPMK_HUMAN,Q96IX5,3,0,-3
sp|Q96IZ0|PAWR_HUMAN,Q96IZ0,7,10,3
sp|Q96JJ7|TMX3_HUMAN,Q96JJ7,3,0,-3
sp|Q96M27|PRRC1_HUMAN,Q96M27,3,0,-3
sp|Q96P16|RPR1A_HUMAN,Q96P16,3,0,-3
sp|Q96PD2|DCBD2_HUMAN,Q96PD2,3,0,-3
sp|Q96PV6|LENG8_HUMAN,Q96PV6,3,0,-3
sp|Q96S52|PIGS_HUMAN,Q96S52,3,0,-3
sp|Q96S66|CLCC1_HUMAN,Q96S66,3,0,-3
sp|Q96SQ9|CP2S1_HUMAN,Q96SQ9,3,0,-3
sp|Q99417|MYCBP_HUMAN,Q99417,4,7,3
sp|Q99623|PHB2_HUMAN,Q99623,19,22,3
sp|Q99627|CSN8_HUMAN,Q99627,3,0,-3
sp|Q9BPW8|NIPS1_HUMAN,Q9BPW8,9,12,3
sp|Q9BQ69|MACD1_HUMAN,Q9BQ69,4,1,-3
sp|Q9BQ75|CMS1_HUMAN,Q9BQ75,3,0,-3
sp|Q9BRJ2|RM45_HUMAN,Q9BRJ2,4,1,-3
sp|Q9BRX5|PSF3_HUMAN,Q9BRX5,3,0,-3
sp|Q9BS26|ERP44_HUMAN,Q9BS26,12,9,-3
sp|Q9BU76|MMTA2_HUMAN,Q9BU76,3,0,-3
sp|Q9BUR5|MIC26_HUMAN,Q9BUR5,7,4,-3
sp|Q9BVA1|TBB2B_HUMAN,Q9BVA1,6,3,-3
sp|Q9BWM7|SFXN3_HUMAN,Q9BWM7,7,4,-3
sp|Q9BXF6|RFIP5_HUMAN,Q9BXF6,5,2,-3
sp|Q9BY77|PDIP3_HUMAN,Q9BY77,3,0,-3
sp|Q9BYJ9|YTHD1_HUMAN,Q9BYJ9,2,5,3
sp|Q9BYN8|RT26_HUMAN,Q9BYN8,2,5,3
sp|Q9BZE9|ASPC1_HUMAN,Q9BZE9,3,0,-3
sp|Q9C005|DPY30_HUMAN,Q9C005,4,1,-3
sp|Q9GZZ1|NAA50_HUMAN,Q9GZZ1,7,10,3
sp|Q9H3K6|BOLA2_HUMAN,Q9H3K6,4,7,3
sp|Q9H3S7|PTN23_HUMAN,Q9H3S7,3,0,-3
sp|Q9H832|UBE2Z_HUMAN,Q9H832,6,9,3
sp|Q9H9A5|CNO10_HUMAN,Q9H9A5,3,0,-3
sp|Q9HD15|SRA1_HUMAN,Q9HD15,4,1,-3
sp|Q9NP81|SYSM_HUMAN,Q9NP81,9,6,-3
sp|Q9NQ29|LUC7L_HUMAN,Q9NQ29,3,0,-3
sp|Q9NQ84|GPC5C_HUMAN,Q9NQ84,3,0,-3
sp|Q9NQG5|RPR1B_HUMAN,Q9NQG5,5,8,3
sp|Q9NQT4|EXOS5_HUMAN,Q9NQT4,4,1,-3
sp|Q9NRN7|ADPPT_HUMAN,Q9NRN7,3,0,-3
sp|Q9NV96|CC50A_HUMAN,Q9NV96,3,0,-3
sp|Q9NYJ1|COA4_HUMAN,Q9NYJ1,3,0,-3
sp|Q9NZ63|TLS1_HUMAN,Q9NZ63,4,1,-3
sp|Q9NZL4|HPBP1_HUMAN,Q9NZL4,3,0,-3
sp|Q9P000|COMD9_HUMAN,Q9P000,3,0,-3
sp|Q9P0T7|TMEM9_HUMAN,Q9P0T7,4,1,-3
sp|Q9P2E9|RRBP1_HUMAN,Q9P2E9,40,37,-3
sp|Q9P2T1|GMPR2_HUMAN,Q9P2T1,3,0,-3
sp|Q9UBP6|TRMB_HUMAN,Q9UBP6,3,0,-3
sp|Q9UBQ7|GRHPR_HUMAN,Q9UBQ7,12,9,-3
sp|Q9UBV2|SE1L1_HUMAN,Q9UBV2,3,0,-3
sp|Q9UG63|ABCF2_HUMAN,Q9UG63,3,0,-3
sp|Q9UHB6|LIMA1_HUMAN,Q9UHB6,3,0,-3
sp|Q9UHD1|CHRD1_HUMAN,Q9UHD1,19,22,3
sp|Q9UHN6|CEIP2_HUMAN,Q9UHN6,3,0,-3
sp|Q9UJS0|S2513_HUMAN,Q9UJS0,3,0,-3
sp|Q9UJX3|APC7_HUMAN,Q9UJX3,3,0,-3
sp|Q9UK41|VPS28_HUMAN,Q9UK41,3,0,-3
sp|Q9ULU4|PKCB1_HUMAN,Q9ULU4,3,0,-3
sp|Q9UM00|TMCO1_HUMAN,Q9UM00,3,0,-3
sp|Q9UMX0|UBQL1_HUMAN,Q9UMX0,16,13,-3
sp|Q9UNK0|STX8_HUMAN,Q9UNK0,3,0,-3
sp|Q9UNS2|CSN3_HUMAN,Q9UNS2,9,12,3
sp|Q9Y224|RTRAF_HUMAN,Q9Y224,15,12,-3
sp|Q9Y282|ERGI3_HUMAN,Q9Y282,3,0,-3
sp|Q9Y2R0|COA3_HUMAN,Q9Y2R0,4,7,3
sp|Q9Y2R9|RT07_HUMAN,Q9Y2R9,9,12,3
sp|Q9Y316|MEMO1_HUMAN,Q9Y316,3,0,-3
sp|Q9Y320|TMX2_HUMAN,Q9Y320,3,0,-3
sp|Q9Y3A3|PHOCN_HUMAN,Q9Y3A3,3,0,-3
sp|Q9Y3X0|CCDC9_HUMAN,Q9Y3X0,5,2,-3
sp|Q9Y4L1|HYOU1_HUMAN,Q9Y4L1,17,14,-3
sp|Q9Y5A9|YTHD2_HUMAN,Q9Y5A9,5,2,-3
sp|Q9Y5K6|CD2AP_HUMAN,Q9Y5K6,8,11,3
sp|Q9Y5M8|SRPRB_HUMAN,Q9Y5M8,6,9,3
sp|Q9Y5X3|SNX5_HUMAN,Q9Y5X3,7,10,3
sp|Q9Y5Z4|HEBP2_HUMAN,Q9Y5Z4,3,0,-3
sp|Q9Y678|COPG1_HUMAN,Q9Y678,10,13,3
sp|Q9Y6Y8|S23IP_HUMAN,Q9Y6Y8,3,0,-3
sp|O75352|MPU1_HUMAN,O75352,3,0,-3
sp|Q15833|STXB2_HUMAN,Q15833,3,0,-3
sp|Q9NW81|DMAC2_HUMAN,Q9NW81,3,0,-3
sp|Q9Y394|DHRS7_HUMAN,Q9Y394,3,0,-3
sp|Q01085|TIAR_HUMAN,Q01085,3,0,-3
sp|Q14344|GNA13_HUMAN,Q14344,3,0,-3
sp|Q8IU85|KCC1D_HUMAN,Q8IU85,3,0,-3
sp|P10746|HEM4_HUMAN,P10746,3,0,-3
sp|O00541|PESC_HUMAN,O00541,3,0,-3
sp|P19838|NFKB1_HUMAN,P19838,3,0,-3
sp|A0AVT1|UBA6_HUMAN,A0AVT1,2,5,3
sp|O95479|G6PE_HUMAN,O95479,3,0,-3
sp|P04899|GNAI2_HUMAN,P04899,5,2,-3
sp|Q05048|CSTF1_HUMAN,Q05048,1,4,3
sp|Q9Y295|DRG1_HUMAN,Q9Y295,1,4,3
sp|Q9Y333|LSM2_HUMAN,Q9Y333,1,4,3
sp|Q99496|RING2_HUMAN,Q99496,3,0,-3
sp|Q6GMV3|PTRD1_HUMAN,Q6GMV3,1,4,3
sp|O43148|MCES_HUMAN,O43148,3,0,-3
sp|P16401|H15_HUMAN,P16401,1,4,3
sp|Q9P0S3|ORML1_HUMAN,Q9P0S3,3,0,-3
sp|Q8N2F6|ARM10_HUMAN,Q8N2F6,3,0,-3
sp|P09234|RU1C_HUMAN,P09234,1,4,3
sp|Q8TAE8|G45IP_HUMAN,Q8TAE8,1,4,3
sp|Q96P70|IPO9_HUMAN,Q96P70,1,4,3
sp|Q9BQ67|GRWD1_HUMAN,Q9BQ67,1,4,3
sp|Q9BQA1|MEP50_HUMAN,Q9BQA1,1,4,3
sp|O00422-2|SAP18_HUMAN,O00422-2,0,3,3
sp|O00468-2|AGRIN_HUMAN,O00468-2,0,3,3
sp|O00567|NOP56_HUMAN,O00567,0,3,3
sp|O14578-4|CTRO_HUMAN,O14578-4,0,3,3
sp|O15260-2|SURF4_HUMAN,O15260-2,0,3,3
sp|O15439-2|MRP4_HUMAN,O15439-2,0,3,3
sp|O15460-2|P4HA2_HUMAN,O15460-2,0,3,3
sp|O43172-2|PRP4_HUMAN,O43172-2,0,3,3
sp|O43264-2|ZW10_HUMAN,O43264-2,0,3,3
sp|O43663-3|PRC1_HUMAN,O43663-3,0,3,3
sp|O60462-2|NRP2_HUMAN,O60462-2,0,3,3
sp|O60832-2|DKC1_HUMAN,O60832-2,0,3,3
sp|O60934|NBN_HUMAN,O60934,0,3,3
sp|O75179-2|ANR17_HUMAN,O75179-2,0,3,3
sp|O75223-3|GGCT_HUMAN,O75223-3,0,3,3
sp|O75352-2|MPU1_HUMAN,O75352-2,0,3,3
sp|O75438-2|NDUB1_HUMAN,O75438-2,0,3,3
sp|O75494-2|SRS10_HUMAN,O75494-2,0,3,3
sp|O75674-2|TM1L1_HUMAN,O75674-2,0,3,3
sp|O75694-2|NU155_HUMAN,O75694-2,0,3,3
sp|O75695|XRP2_HUMAN,O75695,0,3,3
sp|O75935-2|DCTN3_HUMAN,O75935-2,0,3,3
sp|O94842-2|TOX4_HUMAN,O94842-2,0,3,3
sp|O95208-2|EPN2_HUMAN,O95208-2,0,3,3
sp|O95359-3|TACC2_HUMAN,O95359-3,0,3,3
sp|O95394-3|AGM1_HUMAN,O95394-3,0,3,3
sp|P05121|PAI1_HUMAN,P05121,0,3,3
sp|P06454-2|PTMA_HUMAN,P06454-2,0,3,3
sp|P08047-2|SP1_HUMAN,P08047-2,0,3,3
sp|P10909-2|CLUS_HUMAN,P10909-2,0,3,3
sp|P11498|PYC_HUMAN,P11498,0,3,3
sp|P13861-2|KAP2_HUMAN,P13861-2,0,3,3
sp|P15291-2|B4GT1_HUMAN,P15291-2,0,3,3
sp|P15927-2|RFA2_HUMAN,P15927-2,0,3,3
sp|P19174-2|PLCG1_HUMAN,P19174-2,0,3,3
sp|P20339-2|RAB5A_HUMAN,P20339-2,0,3,3
sp|P21589-2|5NTD_HUMAN,P21589-2,0,3,3
sp|P21964-2|COMT_HUMAN,P21964-2,0,3,3
sp|P35611-2|ADDA_HUMAN,P35611-2,0,3,3
sp|P35813-3|PPM1A_HUMAN,P35813-3,0,3,3
sp|P40818-2|UBP8_HUMAN,P40818-2,0,3,3
sp|P46734-2|MP2K3_HUMAN,P46734-2,0,3,3
sp|P53384-2|NUBP1_HUMAN,P53384-2,0,3,3
sp|P57088|TMM33_HUMAN,P57088,0,3,3
sp|P61923-4|COPZ1_HUMAN,P61923-4,0,3,3
sp|P67812-3|SC11A_HUMAN,P67812-3,0,3,3
sp|Q01085-2|TIAR_HUMAN,Q01085-2,0,3,3
sp|Q08378-2|GOGA3_HUMAN,Q08378-2,0,3,3
sp|Q10567-2|AP1B1_HUMAN,Q10567-2,0,3,3
sp|Q12768|WASC5_HUMAN,Q12768,0,3,3
sp|Q12802-2|AKP13_HUMAN,Q12802-2,0,3,3
sp|Q12959-2|DLG1_HUMAN,Q12959-2,0,3,3
sp|Q13595-3|TRA2A_HUMAN,Q13595-3,0,3,3
sp|Q13618-2|CUL3_HUMAN,Q13618-2,0,3,3
sp|Q13952-2|NFYC_HUMAN,Q13952-2,0,3,3
sp|Q14344-2|GNA13_HUMAN,Q14344-2,0,3,3
sp|Q15061|WDR43_HUMAN,Q15061,0,3,3
sp|Q15287-2|RNPS1_HUMAN,Q15287-2,0,3,3
sp|Q15555-3|MARE2_HUMAN,Q15555-3,0,3,3
sp|Q16775-2|GLO2_HUMAN,Q16775-2,0,3,3
sp|Q2NL82|TSR1_HUMAN,Q2NL82,0,3,3
sp|Q2TB90|HKDC1_HUMAN,Q2TB90,0,3,3
sp|Q53H12|AGK_HUMAN,Q53H12,0,3,3
sp|Q5GLZ8-2|HERC4_HUMAN,Q5GLZ8-2,0,3,3
sp|Q5JTH9-2|RRP12_HUMAN,Q5JTH9-2,0,3,3
sp|Q6FIF0-2|ZFAN6_HUMAN,Q6FIF0-2,0,3,3
sp|Q6NUQ4-2|TM214_HUMAN,Q6NUQ4-2,0,3,3
sp|Q6NYC1-2|JMJD6_HUMAN,Q6NYC1-2,0,3,3
sp|Q6RW13-2|ATRAP_HUMAN,Q6RW13-2,0,3,3
sp|Q709C8-2|VP13C_HUMAN,Q709C8-2,0,3,3
sp|Q71RC2-2|LARP4_HUMAN,Q71RC2-2,0,3,3
sp|Q7L4I2-2|RSRC2_HUMAN,Q7L4I2-2,0,3,3
sp|Q7Z7K6-3|CENPV_HUMAN,Q7Z7K6-3,0,3,3
sp|Q86WQ0-2|NR2CA_HUMAN,Q86WQ0-2,0,3,3
sp|Q86X55-1|CARM1_HUMAN,Q86X55-1,0,3,3
sp|Q86Y39-2|NDUAB_HUMAN,Q86Y39-2,0,3,3
sp|Q8IXH7-4|NELFD_HUMAN,Q8IXH7-4,0,3,3
sp|Q8IY81|SPB1_HUMAN,Q8IY81,0,3,3
sp|Q8N128-2|F177A_HUMAN,Q8N128-2,0,3,3
sp|Q8N684-2|CPSF7_HUMAN,Q8N684-2,0,3,3
sp|Q8N6T3-2|ARFG1_HUMAN,Q8N6T3-2,0,3,3
sp|Q8N766-2|EMC1_HUMAN,Q8N766-2,0,3,3
sp|Q8NBF2-2|NHLC2_HUMAN,Q8NBF2-2,0,3,3
sp|Q8TCG1-2|CIP2A_HUMAN,Q8TCG1-2,0,3,3
sp|Q8TCZ2-2|C99L2_HUMAN,Q8TCZ2-2,0,3,3
sp|Q8WUP2-2|FBLI1_HUMAN,Q8WUP2-2,0,3,3
sp|Q8WX92-2|NELFB_HUMAN,Q8WX92-2,0,3,3
sp|Q92538-2|GBF1_HUMAN,Q92538-2,0,3,3
sp|Q92552-2|RT27_HUMAN,Q92552-2,0,3,3
sp|Q92692-2|NECT2_HUMAN,Q92692-2,0,3,3
sp|Q93009-3|UBP7_HUMAN,Q93009-3,0,3,3
sp|Q96CV9-2|OPTN_HUMAN,Q96CV9-2,0,3,3
sp|Q96DA6-2|TIM14_HUMAN,Q96DA6-2,0,3,3
sp|Q96GC5-3|RM48_HUMAN,Q96GC5-3,0,3,3
sp|Q96H20-2|SNF8_HUMAN,Q96H20-2,0,3,3
sp|Q96IX5|USMG5_HUMAN,Q96IX5,0,3,3
sp|Q96KG9-2|SCYL1_HUMAN,Q96KG9-2,0,3,3
sp|Q96MX6|WDR92_HUMAN,Q96MX6,0,3,3
sp|Q96P16-3|RPR1A_HUMAN,Q96P16-3,0,3,3
sp|Q96SB4-3|SRPK1_HUMAN,Q96SB4-3,0,3,3
sp|Q96SQ9-2|CP2S1_HUMAN,Q96SQ9-2,0,3,3
sp|Q96TA2-2|YMEL1_HUMAN,Q96TA2-2,0,3,3
sp|Q99567|NUP88_HUMAN,Q99567,0,3,3
sp|Q9BRP4|PAAF1_HUMAN,Q9BRP4,0,3,3
sp|Q9BTD8-2|RBM42_HUMAN,Q9BTD8-2,0,3,3
sp|Q9BTE3-2|MCMBP_HUMAN,Q9BTE3-2,0,3,3
sp|Q9BUQ8|DDX23_HUMAN,Q9BUQ8,0,3,3
sp|Q9BV20-2|MTNA_HUMAN,Q9BV20-2,0,3,3
sp|Q9BVI4|NOC4L_HUMAN,Q9BVI4,0,3,3
sp|Q9BWT3-2|PAPOG_HUMAN,Q9BWT3-2,0,3,3
sp|Q9BY77-2|PDIP3_HUMAN,Q9BY77-2,0,3,3
sp|Q9BZE4-2|NOG1_HUMAN,Q9BZE4-2,0,3,3
sp|Q9BZE9-2|ASPC1_HUMAN,Q9BZE9-2,0,3,3
sp|Q9GZL7|WDR12_HUMAN,Q9GZL7,0,3,3
sp|Q9GZY8-2|MFF_HUMAN,Q9GZY8-2,0,3,3
sp|Q9GZZ9|UBA5_HUMAN,Q9GZZ9,0,3,3
sp|Q9H078-2|CLPB_HUMAN,Q9H078-2,0,3,3
sp|Q9H0U3|MAGT1_HUMAN,Q9H0U3,0,3,3
sp|Q9H307|PININ_HUMAN,Q9H307,0,3,3
sp|Q9H788-2|SH24A_HUMAN,Q9H788-2,0,3,3
sp|Q9HBL8|NMRL1_HUMAN,Q9HBL8,0,3,3
sp|Q9NP61-2|ARFG3_HUMAN,Q9NP61-2,0,3,3
sp|Q9NPA8-2|ENY2_HUMAN,Q9NPA8-2,0,3,3
sp|Q9NPD3|EXOS4_HUMAN,Q9NPD3,0,3,3
sp|Q9NPD8|UBE2T_HUMAN,Q9NPD8,0,3,3
sp|Q9NPJ3-2|ACO13_HUMAN,Q9NPJ3-2,0,3,3
sp|Q9NQX3-2|GEPH_HUMAN,Q9NQX3-2,0,3,3
sp|Q9NR46-2|SHLB2_HUMAN,Q9NR46-2,0,3,3
sp|Q9NT62-2|ATG3_HUMAN,Q9NT62-2,0,3,3
sp|Q9NUL3-2|STAU2_HUMAN,Q9NUL3-2,0,3,3
sp|Q9NW81-4|DMAC2_HUMAN,Q9NW81-4,0,3,3
sp|Q9NYJ1-2|COA4_HUMAN,Q9NYJ1-2,0,3,3
sp|Q9NYL2-2|M3K20_HUMAN,Q9NYL2-2,0,3,3
sp|Q9UBK9-2|UXT_HUMAN,Q9UBK9-2,0,3,3
sp|Q9UBU8-2|MO4L1_HUMAN,Q9UBU8-2,0,3,3
sp|Q9UHR5-2|S30BP_HUMAN,Q9UHR5-2,0,3,3
sp|Q9UIV1-2|CNOT7_HUMAN,Q9UIV1-2,0,3,3
sp|Q9UJ70-2|NAGK_HUMAN,Q9UJ70-2,0,3,3
sp|Q9UK41-2|VPS28_HUMAN,Q9UK41-2,0,3,3
sp|Q9UKK3|PARP4_HUMAN,Q9UKK3,0,3,3
sp|Q9UNI6|DUS12_HUMAN,Q9UNI6,0,3,3
sp|Q9Y320-2|TMX2_HUMAN,Q9Y320-2,0,3,3
sp|Q9Y394-2|DHRS7_HUMAN,Q9Y394-2,0,3,3
sp|Q9Y3B8-2|ORN_HUMAN,Q9Y3B8-2,0,3,3
sp|Q9Y3C1|NOP16_HUMAN,Q9Y3C1,0,3,3
sp|Q9Y3D8-2|KAD6_HUMAN,Q9Y3D8-2,0,3,3
sp|Q9Y5Z4-2|HEBP2_HUMAN,Q9Y5Z4-2,0,3,3
sp|Q9Y697-2|NFS1_HUMAN,Q9Y697-2,0,3,3
sp|Q9Y6K9-2|NEMO_HUMAN,Q9Y6K9-2,0,3,3
tr|D6RGV5|D6RGV5_HUMAN,D6RGV5,0,3,3
tr|K7EJH0|K7EJH0_HUMAN,K7EJH0,0,3,3
tr|S4R3N1|S4R3N1_HUMAN,S4R3N1,0,3,3
sp|O95104-2|SFR15_HUMAN,O95104-2,0,3,3
sp|P40123-2|CAP2_HUMAN,P40123-2,0,3,3
sp|O00429-3|DNM1L_HUMAN,O00429-3,0,3,3
sp|Q9BTZ2-4|DHRS4_HUMAN,Q9BTZ2-4,0,3,3
sp|Q8N2F6-3|ARM10_HUMAN,Q8N2F6-3,0,3,3
sp|P62820-2|RAB1A_HUMAN,P62820-2,0,3,3
sp|C9JLW8|MCRI1_HUMAN,C9JLW8,3,5,2
sp|E9PAV3|NACAM_HUMAN,E9PAV3,6,8,2
sp|O00115|DNS2A_HUMAN,O00115,2,0,-2
sp|O00116|ADAS_HUMAN,O00116,6,4,-2
sp|O00203|AP3B1_HUMAN,O00203,2,0,-2
sp|O00273|DFFA_HUMAN,O00273,2,0,-2
sp|O00330|ODPX_HUMAN,O00330,2,0,-2
sp|O00422|SAP18_HUMAN,O00422,2,0,-2
sp|O00425|IF2B3_HUMAN,O00425,12,10,-2
sp|O00560|SDCB1_HUMAN,O00560,2,0,-2
sp|O00629|IMA3_HUMAN,O00629,6,8,2
sp|O14521|DHSD_HUMAN,O14521,2,0,-2
sp|O14656|TOR1A_HUMAN,O14656,3,1,-2
sp|O14672|ADA10_HUMAN,O14672,20,18,-2
sp|O14893|GEMI2_HUMAN,O14893,2,0,-2
sp|O14949|QCR8_HUMAN,O14949,4,6,2
sp|O14950|ML12B_HUMAN,O14950,11,13,2
sp|O15533|TPSN_HUMAN,O15533,2,0,-2
sp|O43159|RRP8_HUMAN,O43159,4,2,-2
sp|O43175|SERA_HUMAN,O43175,16,14,-2
sp|O43504|LTOR5_HUMAN,O43504,4,2,-2
sp|O43633|CHM2A_HUMAN,O43633,6,8,2
sp|O43674|NDUB5_HUMAN,O43674,2,0,-2
sp|O43772|MCAT_HUMAN,O43772,2,0,-2
sp|O43823|AKAP8_HUMAN,O43823,3,1,-2
sp|O43865|SAHH2_HUMAN,O43865,11,13,2
sp|O60493|SNX3_HUMAN,O60493,8,6,-2
sp|O60504|VINEX_HUMAN,O60504,2,0,-2
sp|O60828|PQBP1_HUMAN,O60828,2,0,-2
sp|O60879|DIAP2_HUMAN,O60879,2,0,-2
sp|O75208|COQ9_HUMAN,O75208,5,3,-2
sp|O75223|GGCT_HUMAN,O75223,2,0,-2
sp|O75312|ZPR1_HUMAN,O75312,4,6,2
sp|O75348|VATG1_HUMAN,O75348,4,6,2
sp|O75380|NDUS6_HUMAN,O75380,2,4,2
sp|O75396|SC22B_HUMAN,O75396,4,2,-2
sp|O75607|NPM3_HUMAN,O75607,4,2,-2
sp|O75688|PPM1B_HUMAN,O75688,3,5,2
sp|O75832|PSD10_HUMAN,O75832,5,7,2
sp|O75911|DHRS3_HUMAN,O75911,3,1,-2
sp|O75915|PRAF3_HUMAN,O75915,6,4,-2
sp|O75937|DNJC8_HUMAN,O75937,6,8,2
sp|O75947|ATP5H_HUMAN,O75947,10,12,2
sp|O95202|LETM1_HUMAN,O95202,15,13,-2
sp|O95292|VAPB_HUMAN,O95292,7,5,-2
sp|O95336|6PGL_HUMAN,O95336,14,12,-2
sp|O95400|CD2B2_HUMAN,O95400,3,1,-2
sp|O95433|AHSA1_HUMAN,O95433,13,15,2
sp|O95486|SC24A_HUMAN,O95486,4,2,-2
sp|O95858|TSN15_HUMAN,O95858,3,1,-2
sp|O95881|TXD12_HUMAN,O95881,5,7,2
sp|P00367|DHE3_HUMAN,P00367,21,19,-2
sp|P00749|UROK_HUMAN,P00749,2,0,-2
sp|P01116|RASK_HUMAN,P01116,2,0,-2
sp|P02792|FRIL_HUMAN,P02792,6,8,2
sp|P04181|OAT_HUMAN,P04181,10,8,-2
sp|P05067|A4_HUMAN,P05067,2,0,-2
sp|P05091|ALDH2_HUMAN,P05091,29,27,-2
sp|P06132|DCUP_HUMAN,P06132,4,2,-2
sp|P06576|ATPB_HUMAN,P06576,48,50,2
sp|P07737|PROF1_HUMAN,P07737,62,60,-2
sp|P07741|APT_HUMAN,P07741,10,8,-2
sp|P07948|LYN_HUMAN,P07948,2,0,-2
sp|P08047|SP1_HUMAN,P08047,2,0,-2
sp|P08134|RHOC_HUMAN,P08134,1,3,2
sp|P08574|CY1_HUMAN,P08574,6,4,-2
sp|P08582|TRFM_HUMAN,P08582,5,3,-2
sp|P08670|VIME_HUMAN,P08670,89,91,2
sp|P08708|RS17_HUMAN,P08708,6,8,2
sp|P08754|GNAI3_HUMAN,P08754,2,4,2
sp|P09211|GSTP1_HUMAN,P09211,33,35,2
sp|P10620|MGST1_HUMAN,P10620,9,11,2
sp|P10768|ESTD_HUMAN,P10768,10,8,-2
sp|P11766|ADHX_HUMAN,P11766,12,10,-2
sp|P11908|PRPS2_HUMAN,P11908,2,0,-2
sp|P12004|PCNA_HUMAN,P12004,21,23,2
sp|P13667|PDIA4_HUMAN,P13667,40,42,2
sp|P13693|TCTP_HUMAN,P13693,15,13,-2
sp|P13797|PLST_HUMAN,P13797,36,38,2
sp|P14735|IDE_HUMAN,P14735,8,10,2
sp|P15289|ARSA_HUMAN,P15289,2,0,-2
sp|P15311|EZRI_HUMAN,P15311,28,30,2
sp|P15559|NQO1_HUMAN,P15559,31,33,2
sp|P16152|CBR1_HUMAN,P16152,26,28,2
sp|P16930|FAAA_HUMAN,P16930,5,7,2
sp|P17174|AATC_HUMAN,P17174,17,15,-2
sp|P17900|SAP3_HUMAN,P17900,2,0,-2
sp|P18283|GPX2_HUMAN,P18283,2,0,-2
sp|P18887|XRCC1_HUMAN,P18887,3,5,2
sp|P19404|NDUV2_HUMAN,P19404,7,9,2
sp|P20042|IF2B_HUMAN,P20042,18,16,-2
sp|P20962|PTMS_HUMAN,P20962,2,4,2
sp|P21281|VATB2_HUMAN,P21281,5,7,2
sp|P21926|CD9_HUMAN,P21926,5,3,-2
sp|P21980|TGM2_HUMAN,P21980,11,9,-2
sp|P25398|RS12_HUMAN,P25398,22,24,2
sp|P25787|PSA2_HUMAN,P25787,9,11,2
sp|P26373|RL13_HUMAN,P26373,11,13,2
sp|P27361|MK03_HUMAN,P27361,2,0,-2
sp|P27635|RL10_HUMAN,P27635,15,17,2
sp|P27695|APEX1_HUMAN,P27695,16,18,2
sp|P28074|PSB5_HUMAN,P28074,7,9,2
sp|P30046|DOPD_HUMAN,P30046,8,6,-2
sp|P30084|ECHM_HUMAN,P30084,17,15,-2
sp|P30101|PDIA3_HUMAN,P30101,56,54,-2
sp|P30153|2AAA_HUMAN,P30153,31,33,2
sp|P30405|PPIF_HUMAN,P30405,3,5,2
sp|P30520|PURA2_HUMAN,P30520,10,12,2
sp|P31930|QCR1_HUMAN,P31930,27,25,-2
sp|P35269|T2FA_HUMAN,P35269,5,3,-2
sp|P35611|ADDA_HUMAN,P35611,2,0,-2
sp|P38159|RBMX_HUMAN,P38159,34,36,2
sp|P38606|VATA_HUMAN,P38606,9,11,2
sp|P39687|AN32A_HUMAN,P39687,24,26,2
sp|P40261|NNMT_HUMAN,P40261,6,4,-2
sp|P46060|RAGP1_HUMAN,P46060,16,18,2
sp|P47914|RL29_HUMAN,P47914,5,7,2
sp|P48637|GSHB_HUMAN,P48637,13,11,-2
sp|P49354|FNTA_HUMAN,P49354,3,5,2
sp|P49458|SRP09_HUMAN,P49458,11,9,-2
sp|P49593|PPM1F_HUMAN,P49593,2,0,-2
sp|P49753|ACOT2_HUMAN,P49753,12,10,-2
sp|P49770|EI2BB_HUMAN,P49770,5,3,-2
sp|P49792|RBP2_HUMAN,P49792,8,6,-2
sp|P49959|MRE11_HUMAN,P49959,2,0,-2
sp|P50238|CRIP1_HUMAN,P50238,14,16,2
sp|P50402|EMD_HUMAN,P50402,4,6,2
sp|P50416|CPT1A_HUMAN,P50416,2,0,-2
sp|P51668|UB2D1_HUMAN,P51668,4,2,-2
sp|P52298|NCBP2_HUMAN,P52298,4,6,2
sp|P53582|MAP11_HUMAN,P53582,6,8,2
sp|P54886|P5CS_HUMAN,P54886,2,0,-2
sp|P54920|SNAA_HUMAN,P54920,13,15,2
sp|P55081|MFAP1_HUMAN,P55081,3,1,-2
sp|P56381|ATP5E_HUMAN,P56381,4,2,-2
sp|P57105|SYJ2B_HUMAN,P57105,2,0,-2
sp|P60891|PRPS1_HUMAN,P60891,8,10,2
sp|P61019|RAB2A_HUMAN,P61019,11,9,-2
sp|P61026|RAB10_HUMAN,P61026,14,16,2
sp|P61106|RAB14_HUMAN,P61106,7,9,2
sp|P61160|ARP2_HUMAN,P61160,14,12,-2
sp|P61204|ARF3_HUMAN,P61204,10,12,2
sp|P61513|RL37A_HUMAN,P61513,5,7,2
sp|P61586|RHOA_HUMAN,P61586,16,14,-2
sp|P61758|PFD3_HUMAN,P61758,9,7,-2
sp|P61981|1433G_HUMAN,P61981,17,15,-2
sp|P62269|RS18_HUMAN,P62269,20,22,2
sp|P62306|RUXF_HUMAN,P62306,5,7,2
sp|P62310|LSM3_HUMAN,P62310,5,7,2
sp|P62312|LSM6_HUMAN,P62312,8,6,-2
sp|P62314|SMD1_HUMAN,P62314,2,4,2
sp|P62333|PRS10_HUMAN,P62333,22,24,2
sp|P62829|RL23_HUMAN,P62829,13,15,2
sp|P62854|RS26_HUMAN,P62854,3,5,2
sp|P62861|RS30_HUMAN,P62861,5,7,2
sp|P62913|RL11_HUMAN,P62913,7,9,2
sp|P63218|GBG5_HUMAN,P63218,7,5,-2
sp|P63220|RS21_HUMAN,P63220,14,12,-2
sp|P63313|TYB10_HUMAN,P63313,27,25,-2
sp|P69849|NOMO3_HUMAN,P69849,5,3,-2
sp|P78330|SERB_HUMAN,P78330,9,7,-2
sp|P78536|ADA17_HUMAN,P78536,2,0,-2
sp|P82650|RT22_HUMAN,P82650,7,5,-2
sp|P83731|RL24_HUMAN,P83731,10,12,2
sp|P98170|XIAP_HUMAN,P98170,5,3,-2
sp|P99999|CYC_HUMAN,P99999,11,9,-2
sp|Q00796|DHSO_HUMAN,Q00796,5,7,2
sp|Q01433|AMPD2_HUMAN,Q01433,2,0,-2
sp|Q01459|DIAC_HUMAN,Q01459,2,0,-2
sp|Q02218|ODO1_HUMAN,Q02218,2,0,-2
sp|Q02978|M2OM_HUMAN,Q02978,2,4,2
sp|Q03405|UPAR_HUMAN,Q03405,2,0,-2
sp|Q03426|KIME_HUMAN,Q03426,5,3,-2
sp|Q04323|UBXN1_HUMAN,Q04323,2,0,-2
sp|Q04917|1433F_HUMAN,Q04917,12,14,2
sp|Q08257|QOR_HUMAN,Q08257,16,18,2
sp|Q08722|CD47_HUMAN,Q08722,2,0,-2
sp|Q09161|NCBP1_HUMAN,Q09161,2,4,2
sp|Q12797|ASPH_HUMAN,Q12797,15,17,2
sp|Q12907|LMAN2_HUMAN,Q12907,8,6,-2
sp|Q12965|MYO1E_HUMAN,Q12965,7,9,2
sp|Q13162|PRDX4_HUMAN,Q13162,15,13,-2
sp|Q13243|SRSF5_HUMAN,Q13243,2,0,-2
sp|Q13405|RM49_HUMAN,Q13405,4,2,-2
sp|Q13435|SF3B2_HUMAN,Q13435,29,31,2
sp|Q13573|SNW1_HUMAN,Q13573,14,16,2
sp|Q13641|TPBG_HUMAN,Q13641,3,1,-2
sp|Q13825|AUHM_HUMAN,Q13825,2,0,-2
sp|Q14011|CIRBP_HUMAN,Q14011,2,4,2
sp|Q14118|DAG1_HUMAN,Q14118,2,0,-2
sp|Q14232|EI2BA_HUMAN,Q14232,2,0,-2
sp|Q14318|FKBP8_HUMAN,Q14318,2,0,-2
sp|Q14320|FA50A_HUMAN,Q14320,4,6,2
sp|Q14376|GALE_HUMAN,Q14376,8,6,-2
sp|Q14683|SMC1A_HUMAN,Q14683,6,8,2
sp|Q14974|IMB1_HUMAN,Q14974,31,33,2
sp|Q15007|FL2D_HUMAN,Q15007,3,1,-2
sp|Q15029|U5S1_HUMAN,Q15029,2,0,-2
sp|Q15154|PCM1_HUMAN,Q15154,2,0,-2
sp|Q15257|PTPA_HUMAN,Q15257,7,9,2
sp|Q15287|RNPS1_HUMAN,Q15287,2,0,-2
sp|Q15365|PCBP1_HUMAN,Q15365,27,25,-2
sp|Q15382|RHEB_HUMAN,Q15382,3,1,-2
sp|Q15434|RBMS2_HUMAN,Q15434,5,3,-2
sp|Q15629|TRAM1_HUMAN,Q15629,2,0,-2
sp|Q15714|T22D1_HUMAN,Q15714,2,0,-2
sp|Q15819|UB2V2_HUMAN,Q15819,12,10,-2
sp|Q16527|CSRP2_HUMAN,Q16527,5,3,-2
sp|Q16543|CDC37_HUMAN,Q16543,14,16,2
sp|Q16795|NDUA9_HUMAN,Q16795,3,5,2
sp|Q16836|HCDH_HUMAN,Q16836,10,8,-2
sp|Q16864|VATF_HUMAN,Q16864,2,0,-2
sp|Q32P28|P3H1_HUMAN,Q32P28,2,0,-2
sp|Q32P41|TRM5_HUMAN,Q32P41,3,1,-2
sp|Q3MHD2|LSM12_HUMAN,Q3MHD2,2,0,-2
sp|Q562R1|ACTBL_HUMAN,Q562R1,4,6,2
sp|Q5GLZ8|HERC4_HUMAN,Q5GLZ8,2,0,-2
sp|Q5JTV8|TOIP1_HUMAN,Q5JTV8,11,9,-2
sp|Q5PRF9|SMAG2_HUMAN,Q5PRF9,3,1,-2
sp|Q5RI15|COX20_HUMAN,Q5RI15,2,0,-2
sp|Q5RKV6|EXOS6_HUMAN,Q5RKV6,2,4,2
sp|Q5T1M5|FKB15_HUMAN,Q5T1M5,2,0,-2
sp|Q5T6F2|UBAP2_HUMAN,Q5T6F2,7,5,-2
sp|Q5T9A4|ATD3B_HUMAN,Q5T9A4,2,0,-2
sp|Q5XKP0|MIC13_HUMAN,Q5XKP0,5,3,-2
sp|Q641Q2|WAC2A_HUMAN,Q641Q2,2,0,-2
sp|Q6DD87|ZN787_HUMAN,Q6DD87,2,4,2
sp|Q6UB35|C1TM_HUMAN,Q6UB35,2,0,-2
sp|Q6VY07|PACS1_HUMAN,Q6VY07,2,0,-2
sp|Q70UQ0|IKIP_HUMAN,Q70UQ0,6,4,-2
sp|Q71RC2|LARP4_HUMAN,Q71RC2,2,0,-2
sp|Q7L2H7|EIF3M_HUMAN,Q7L2H7,8,10,2
sp|Q7Z7K0|COXM1_HUMAN,Q7Z7K0,7,5,-2
sp|Q86SX6|GLRX5_HUMAN,Q86SX6,7,5,-2
sp|Q86U44|MTA70_HUMAN,Q86U44,3,1,-2
sp|Q86XP3|DDX42_HUMAN,Q86XP3,6,8,2
sp|Q8IUD2|RB6I2_HUMAN,Q8IUD2,2,0,-2
sp|Q8IV48|ERI1_HUMAN,Q8IV48,2,4,2
sp|Q8IZ83|A16A1_HUMAN,Q8IZ83,7,5,-2
sp|Q8N2K0|ABD12_HUMAN,Q8N2K0,3,5,2
sp|Q8N6M0|OTU6B_HUMAN,Q8N6M0,2,0,-2
sp|Q8N766|EMC1_HUMAN,Q8N766,2,0,-2
sp|Q8NC56|LEMD2_HUMAN,Q8NC56,5,3,-2
sp|Q8NE71|ABCF1_HUMAN,Q8NE71,2,0,-2
sp|Q8NFJ5|RAI3_HUMAN,Q8NFJ5,3,5,2
sp|Q8NHP8|PLBL2_HUMAN,Q8NHP8,4,2,-2
sp|Q8TCA0|LRC20_HUMAN,Q8TCA0,2,0,-2
sp|Q8TEA8|DTD1_HUMAN,Q8TEA8,4,2,-2
sp|Q8TEM1|PO210_HUMAN,Q8TEM1,7,5,-2
sp|Q8WUW1|BRK1_HUMAN,Q8WUW1,2,0,-2
sp|Q8WW12|PCNP_HUMAN,Q8WW12,8,10,2
sp|Q8WWY3|PRP31_HUMAN,Q8WWY3,7,5,-2
sp|Q8WXI9|P66B_HUMAN,Q8WXI9,5,3,-2
sp|Q8WZA9|IRGQ_HUMAN,Q8WZA9,2,0,-2
sp|Q92499|DDX1_HUMAN,Q92499,8,10,2
sp|Q92917|GPKOW_HUMAN,Q92917,9,7,-2
sp|Q969G6|RIFK_HUMAN,Q969G6,4,2,-2
sp|Q96AB3|ISOC2_HUMAN,Q96AB3,2,0,-2
sp|Q96AC1|FERM2_HUMAN,Q96AC1,2,0,-2
sp|Q96C90|PP14B_HUMAN,Q96C90,3,1,-2
sp|Q96CT7|CC124_HUMAN,Q96CT7,7,9,2
sp|Q96CV9|OPTN_HUMAN,Q96CV9,2,0,-2
sp|Q96DH6|MSI2H_HUMAN,Q96DH6,3,1,-2
sp|Q96ER3|SAAL1_HUMAN,Q96ER3,2,0,-2
sp|Q96EY8|MMAB_HUMAN,Q96EY8,4,6,2
sp|Q96FQ6|S10AG_HUMAN,Q96FQ6,5,7,2
sp|Q96FW1|OTUB1_HUMAN,Q96FW1,14,12,-2
sp|Q96HC4|PDLI5_HUMAN,Q96HC4,30,28,-2
sp|Q96I25|SPF45_HUMAN,Q96I25,8,6,-2
sp|Q96JB5|CK5P3_HUMAN,Q96JB5,2,0,-2
sp|Q96K17|BT3L4_HUMAN,Q96K17,2,0,-2
sp|Q96KR1|ZFR_HUMAN,Q96KR1,9,11,2
sp|Q96MW1|CCD43_HUMAN,Q96MW1,2,0,-2
sp|Q96MX6|DAA10_HUMAN,Q96MX6,2,0,-2
sp|Q96QK1|VPS35_HUMAN,Q96QK1,11,13,2
sp|Q96S19|MTL26_HUMAN,Q96S19,2,0,-2
sp|Q96T51|RUFY1_HUMAN,Q96T51,9,7,-2
sp|Q99436|PSB7_HUMAN,Q99436,2,4,2
sp|Q99439|CNN2_HUMAN,Q99439,10,12,2
sp|Q99471|PFD5_HUMAN,Q99471,13,11,-2
sp|Q99584|S10AD_HUMAN,Q99584,4,6,2
sp|Q99598|TSNAX_HUMAN,Q99598,4,6,2
sp|Q99614|TTC1_HUMAN,Q99614,7,5,-2
sp|Q99643|C560_HUMAN,Q99643,2,0,-2
sp|Q99829|CPNE1_HUMAN,Q99829,2,4,2
sp|Q99832|TCPH_HUMAN,Q99832,29,27,-2
sp|Q99961|SH3G1_HUMAN,Q99961,8,6,-2
sp|Q9BSD7|NTPCR_HUMAN,Q9BSD7,8,6,-2
sp|Q9BTA9|WAC_HUMAN,Q9BTA9,2,0,-2
sp|Q9BTE3|MCMBP_HUMAN,Q9BTE3,2,0,-2
sp|Q9BTL3|RAMAC_HUMAN,Q9BTL3,3,1,-2
sp|Q9BVG4|PBDC1_HUMAN,Q9BVG4,6,8,2
sp|Q9BWD1|THIC_HUMAN,Q9BWD1,9,11,2
sp|Q9BWJ5|SF3B5_HUMAN,Q9BWJ5,7,5,-2
sp|Q9BX46|RBM24_HUMAN,Q9BX46,2,0,-2
sp|Q9BY67|CADM1_HUMAN,Q9BY67,2,0,-2
sp|Q9C0B1|FTO_HUMAN,Q9C0B1,2,0,-2
sp|Q9GZT9|EGLN1_HUMAN,Q9GZT9,6,8,2
sp|Q9H223|EHD4_HUMAN,Q9H223,9,7,-2
sp|Q9H6T3|RPAP3_HUMAN,Q9H6T3,9,11,2
sp|Q9H8G2|CAAP1_HUMAN,Q9H8G2,3,1,-2
sp|Q9H9J2|RM44_HUMAN,Q9H9J2,5,3,-2
sp|Q9HC52|CBX8_HUMAN,Q9HC52,2,0,-2
sp|Q9NP66|HM20A_HUMAN,Q9NP66,2,0,-2
sp|Q9NP92|RT30_HUMAN,Q9NP92,3,1,-2
sp|Q9NP97|DLRB1_HUMAN,Q9NP97,5,7,2
sp|Q9NPA8|ENY2_HUMAN,Q9NPA8,2,0,-2
sp|Q9NPI6|DCP1A_HUMAN,Q9NPI6,2,0,-2
sp|Q9NRG0|CHRC1_HUMAN,Q9NRG0,2,4,2
sp|Q9NRV9|HEBP1_HUMAN,Q9NRV9,9,7,-2
sp|Q9NRX4|PHP14_HUMAN,Q9NRX4,7,9,2
sp|Q9NT62|ATG3_HUMAN,Q9NT62,2,0,-2
sp|Q9NTK5|OLA1_HUMAN,Q9NTK5,14,16,2
sp|Q9NTX5|ECHD1_HUMAN,Q9NTX5,2,0,-2
sp|Q9NUG6|PDRG1_HUMAN,Q9NUG6,4,2,-2
sp|Q9NUP9|LIN7C_HUMAN,Q9NUP9,5,3,-2
sp|Q9NW64|RBM22_HUMAN,Q9NW64,2,0,-2
sp|Q9NWH9|SLTM_HUMAN,Q9NWH9,3,5,2
sp|Q9NX63|MIC19_HUMAN,Q9NX63,13,11,-2
sp|Q9NXR7|BABA2_HUMAN,Q9NXR7,2,0,-2
sp|Q9NYB0|TE2IP_HUMAN,Q9NYB0,3,1,-2
sp|Q9NZ45|CISD1_HUMAN,Q9NZ45,5,3,-2
sp|Q9NZW5|PALS2_HUMAN,Q9NZW5,2,0,-2
sp|Q9NZZ3|CHMP5_HUMAN,Q9NZZ3,4,6,2
sp|Q9P015|RM15_HUMAN,Q9P015,5,3,-2
sp|Q9P2N5|RBM27_HUMAN,Q9P2N5,2,4,2
sp|Q9UBI1|COMD3_HUMAN,Q9UBI1,6,4,-2
sp|Q9UBK9|UXT_HUMAN,Q9UBK9,2,0,-2
sp|Q9UBP9|GULP1_HUMAN,Q9UBP9,2,0,-2
sp|Q9UBR2|CATZ_HUMAN,Q9UBR2,8,6,-2
sp|Q9UBV8|PEF1_HUMAN,Q9UBV8,3,1,-2
sp|Q9UBX3|DIC_HUMAN,Q9UBX3,2,0,-2
sp|Q9UDT6|CLIP2_HUMAN,Q9UDT6,8,6,-2
sp|Q9UFN0|NPS3A_HUMAN,Q9UFN0,3,1,-2
sp|Q9UH65|SWP70_HUMAN,Q9UH65,6,4,-2
sp|Q9UHD8|SEPT9_HUMAN,Q9UHD8,26,28,2
sp|Q9UHY7|ENOPH_HUMAN,Q9UHY7,2,0,-2
sp|Q9UKK9|NUDT5_HUMAN,Q9UKK9,8,6,-2
sp|Q9UL26|RB22A_HUMAN,Q9UL26,3,1,-2
sp|Q9UMX5|NENF_HUMAN,Q9UMX5,9,7,-2
sp|Q9UNH7|SNX6_HUMAN,Q9UNH7,16,14,-2
sp|Q9UNN8|EPCR_HUMAN,Q9UNN8,6,4,-2
sp|Q9UPT8|ZC3H4_HUMAN,Q9UPT8,4,2,-2
sp|Q9UQ13|SHOC2_HUMAN,Q9UQ13,2,0,-2
sp|Q9Y2B0|CNPY2_HUMAN,Q9Y2B0,12,10,-2
sp|Q9Y2P8|RCL1_HUMAN,Q9Y2P8,3,1,-2
sp|Q9Y2Q3|GSTK1_HUMAN,Q9Y2Q3,9,7,-2
sp|Q9Y2Q5|LTOR2_HUMAN,Q9Y2Q5,2,0,-2
sp|Q9Y2V7|COG6_HUMAN,Q9Y2V7,2,0,-2
sp|Q9Y2W1|TR150_HUMAN,Q9Y2W1,9,11,2
sp|Q9Y2W2|WBP11_HUMAN,Q9Y2W2,4,6,2
sp|Q9Y312|AAR2_HUMAN,Q9Y312,3,5,2
sp|Q9Y3B3|TMED7_HUMAN,Q9Y3B3,3,5,2
sp|Q9Y3D2|MSRB2_HUMAN,Q9Y3D2,2,0,-2
sp|Q9Y3D8|KAD6_HUMAN,Q9Y3D8,2,0,-2
sp|Q9Y3D9|RT23_HUMAN,Q9Y3D9,7,9,2
sp|Q9Y3Y2|CHTOP_HUMAN,Q9Y3Y2,2,0,-2
sp|Q9Y4P3|TBL2_HUMAN,Q9Y4P3,4,2,-2
sp|Q9Y5U2|TSSC4_HUMAN,Q9Y5U2,2,0,-2
sp|Q9Y696|CLIC4_HUMAN,Q9Y696,10,8,-2
sp|Q9Y6C9|MTCH2_HUMAN,Q9Y6C9,4,6,2
sp|Q9Y6D9|MD1L1_HUMAN,Q9Y6D9,2,0,-2
sp|Q9Y6K9|NEMO_HUMAN,Q9Y6K9,2,0,-2
sp|Q9Y6M1|IF2B2_HUMAN,Q9Y6M1,2,0,-2
sp|Q9Y6M9|NDUB9_HUMAN,Q9Y6M9,6,8,2
sp|Q9Y6N5|SQOR_HUMAN,Q9Y6N5,19,17,-2
sp|P01889|HLAB_HUMAN,P01889,2,0,-2
sp|P18615|NELFE_HUMAN,P18615,2,0,-2
sp|P29084|T2EB_HUMAN,P29084,2,0,-2
sp|P31749|AKT1_HUMAN,P31749,2,0,-2
sp|P40616|ARL1_HUMAN,P40616,2,0,-2
sp|P49902|5NTC_HUMAN,P49902,2,0,-2
sp|P55789|ALR_HUMAN,P55789,2,0,-2
sp|P80217|IN35_HUMAN,P80217,2,0,-2
sp|Q13426|XRCC4_HUMAN,Q13426,2,0,-2
sp|Q14161|GIT2_HUMAN,Q14161,2,0,-2
sp|Q14790|CASP8_HUMAN,Q14790,2,0,-2
sp|Q16288|NTRK3_HUMAN,Q16288,2,0,-2
sp|Q16890|TPD53_HUMAN,Q16890,2,0,-2
sp|Q17RN3|FA98C_HUMAN,Q17RN3,2,0,-2
sp|Q53GS9|SNUT2_HUMAN,Q53GS9,2,0,-2
sp|Q5SSJ5|HP1B3_HUMAN,Q5SSJ5,1,3,2
sp|Q7Z6B0|CCD91_HUMAN,Q7Z6B0,2,0,-2
sp|Q86YP4|P66A_HUMAN,Q86YP4,2,0,-2
sp|Q8N684|CPSF7_HUMAN,Q8N684,2,0,-2
sp|Q96AT9|RPE_HUMAN,Q96AT9,2,0,-2
sp|Q96GS4|BORC6_HUMAN,Q96GS4,2,0,-2
sp|Q9BV20|MTNA_HUMAN,Q9BV20,2,0,-2
sp|Q9GZT4|SRR_HUMAN,Q9GZT4,2,0,-2
sp|Q9H000|MKRN2_HUMAN,Q9H000,2,0,-2
sp|Q9H0E2|TOLIP_HUMAN,Q9H0E2,2,4,2
sp|Q9HD26|GOPC_HUMAN,Q9HD26,2,0,-2
sp|Q9NX14|NDUBB_HUMAN,Q9NX14,2,0,-2
sp|Q9NZ08|ERAP1_HUMAN,Q9NZ08,2,0,-2
sp|Q9UHA4|LTOR3_HUMAN,Q9UHA4,2,0,-2
sp|Q9UMZ2|SYNRG_HUMAN,Q9UMZ2,2,0,-2
sp|O00471|EXOC5_HUMAN,O00471,2,0,-2
sp|O15234|CASC3_HUMAN,O15234,2,0,-2
sp|O15260|SURF4_HUMAN,O15260,2,0,-2
sp|P14859|PO2F1_HUMAN,P14859,2,0,-2
sp|P48509|CD151_HUMAN,P48509,2,4,2
sp|P60763|RAC3_HUMAN,P60763,4,2,-2
sp|Q13630|FCL_HUMAN,Q13630,2,4,2
sp|Q15262|PTPRK_HUMAN,Q15262,2,0,-2
sp|Q6P1X6|CH082_HUMAN,Q6P1X6,2,0,-2
sp|Q8NDI1|EHBP1_HUMAN,Q8NDI1,2,0,-2
sp|Q96BW5|PTER_HUMAN,Q96BW5,2,0,-2
sp|Q9BQS8|FYCO1_HUMAN,Q9BQS8,2,0,-2
sp|Q9BXR0|TGT_HUMAN,Q9BXR0,2,0,-2
sp|Q9H1K1|ISCU_HUMAN,Q9H1K1,2,0,-2
sp|Q9H788|SH24A_HUMAN,Q9H788,2,0,-2
sp|Q9P0P0|RN181_HUMAN,Q9P0P0,2,0,-2
sp|Q9UNP9|PPIE_HUMAN,Q9UNP9,2,0,-2
sp|P19012|K1C15_HUMAN,P19012,2,0,-2
sp|P26440|IVD_HUMAN,P26440,2,0,-2
sp|P36873|PP1G_HUMAN,P36873,2,0,-2
sp|P61218|RPAB2_HUMAN,P61218,2,0,-2
sp|Q10588|BST1_HUMAN,Q10588,2,0,-2
sp|Q13952|NFYC_HUMAN,Q13952,2,0,-2
sp|Q14978|NOLC1_HUMAN,Q14978,2,0,-2
sp|Q6P3W7|SCYL2_HUMAN,Q6P3W7,2,0,-2
sp|Q96IY1|NSL1_HUMAN,Q96IY1,2,0,-2
sp|Q9H5Q4|TFB2M_HUMAN,Q9H5Q4,1,3,2
sp|Q9UL15|BAG5_HUMAN,Q9UL15,2,0,-2
sp|Q9Y6K5|OAS3_HUMAN,Q9Y6K5,2,0,-2
sp|P10644|KAP0_HUMAN,P10644,2,4,2
sp|Q9NSK7|CS012_HUMAN,Q9NSK7,2,0,-2
sp|Q9NUQ6|SPS2L_HUMAN,Q9NUQ6,2,0,-2
sp|O00442|RTCA_HUMAN,O00442,2,0,-2
sp|P80188|NGAL_HUMAN,P80188,2,0,-2
sp|Q8WW01|SEN15_HUMAN,Q8WW01,2,0,-2
sp|Q96Q11|TRNT1_HUMAN,Q96Q11,2,0,-2
sp|Q9BRR6|ADPGK_HUMAN,Q9BRR6,2,0,-2
sp|P49914|MTHFS_HUMAN,P49914,2,0,-2
sp|P51003|PAPOA_HUMAN,P51003,2,0,-2
sp|P52434|RPAB3_HUMAN,P52434,2,0,-2
sp|Q8NBT2|SPC24_HUMAN,Q8NBT2,2,0,-2
sp|Q96DB5|RMD1_HUMAN,Q96DB5,2,4,2
sp|Q96LB3|IFT74_HUMAN,Q96LB3,2,0,-2
sp|O60232|ZNRD2_HUMAN,O60232,2,0,-2
sp|Q8TBX8|PI42C_HUMAN,Q8TBX8,2,0,-2
sp|Q96D31|CRCM1_HUMAN,Q96D31,2,0,-2
sp|Q96EY4|TMA16_HUMAN,Q96EY4,2,0,-2
sp|O95297|MPZL1_HUMAN,O95297,2,0,-2
sp|P29218|IMPA1_HUMAN,P29218,2,0,-2
sp|Q96SK2|TM209_HUMAN,Q96SK2,2,0,-2
sp|P53602|MVD1_HUMAN,P53602,2,0,-2
sp|Q86SR1|GLT10_HUMAN,Q86SR1,2,0,-2
sp|Q96J01|THOC3_HUMAN,Q96J01,2,0,-2
sp|Q9H4B7|TBB1_HUMAN,Q9H4B7,2,0,-2
sp|Q9HD47|MOG1_HUMAN,Q9HD47,2,0,-2
sp|Q02241|KIF23_HUMAN,Q02241,2,0,-2
sp|Q9BTZ2|DHRS4_HUMAN,Q9BTZ2,2,0,-2
sp|O60784|TOM1_HUMAN,O60784,2,0,-2
sp|Q9BWU0|NADAP_HUMAN,Q9BWU0,2,4,2
sp|Q9H3R2|MUC13_HUMAN,Q9H3R2,1,3,2
sp|Q9NQE9|HINT3_HUMAN,Q9NQE9,2,4,2
sp|O14530|TXND9_HUMAN,O14530,2,0,-2
sp|Q9UHD9|UBQL2_HUMAN,Q9UHD9,1,3,2
sp|P61927|RL37_HUMAN,P61927,2,4,2
sp|Q86WA6|BPHL_HUMAN,Q86WA6,2,0,-2
sp|Q9BVC4|LST8_HUMAN,Q9BVC4,2,0,-2
sp|Q86W42|THOC6_HUMAN,Q86W42,1,3,2
sp|P02788|TRFL_HUMAN,P02788,2,0,-2
sp|P35520|CBS_HUMAN,P35520,2,0,-2
sp|P78362|SRPK2_HUMAN,P78362,2,0,-2
sp|Q9C0E8|LNP_HUMAN,Q9C0E8,2,0,-2
sp|Q9HD33|RM47_HUMAN,Q9HD33,2,0,-2
sp|Q9NVJ2|ARL8B_HUMAN,Q9NVJ2,1,3,2
sp|Q8N3R9|PALS1_HUMAN,Q8N3R9,2,0,-2
sp|P62837|UB2D2_HUMAN,P62837,2,0,-2
sp|P04259|K2C6B_HUMAN,P04259,2,0,-2
sp|O43920|NDUS5_HUMAN,O43920,2,4,2
sp|Q13228|SBP1_HUMAN,Q13228,2,0,-2
sp|Q15554|TERF2_HUMAN,Q15554,2,0,-2
sp|Q9Y5S2|MRCKB_HUMAN,Q9Y5S2,2,0,-2
sp|P18085|ARF4_HUMAN,P18085,2,4,2
sp|Q8N4V1|EMC5_HUMAN,Q8N4V1,2,0,-2
sp|Q08495|DEMA_HUMAN,Q08495,2,0,-2
sp|Q15628|TRADD_HUMAN,Q15628,2,0,-2
sp|Q9UKL0|RCOR1_HUMAN,Q9UKL0,2,0,-2
sp|Q86Y39|NDUAB_HUMAN,Q86Y39,2,0,-2
sp|Q52LJ0|FA98B_HUMAN,Q52LJ0,2,0,-2
sp|Q7Z7N9|T179B_HUMAN,Q7Z7N9,1,3,2
sp|Q9UNL2|SSRG_HUMAN,Q9UNL2,2,0,-2
sp|Q9NRP0|OSTC_HUMAN,Q9NRP0,2,0,-2
sp|Q9Y221|NIP7_HUMAN,Q9Y221,2,0,-2
sp|Q96AQ6|PBIP1_HUMAN,Q96AQ6,2,0,-2
sp|P63172|DYLT1_HUMAN,P63172,1,3,2
sp|O15155|BET1_HUMAN,O15155,1,3,2
sp|P05362|ICAM1_HUMAN,P05362,2,0,-2
sp|Q9P2X0|DPM3_HUMAN,Q9P2X0,2,0,-2
sp|Q6QNY0|BL1S3_HUMAN,Q6QNY0,1,3,2
sp|Q9NX46|ADPRS_HUMAN,Q9NX46,2,0,-2
sp|P62253|UB2G1_HUMAN,P62253,2,0,-2
sp|O60216|RAD21_HUMAN,O60216,1,3,2
sp|Q9BV36|MELPH_HUMAN,Q9BV36,2,0,-2
sp|P10176|COX8A_HUMAN,P10176,3,1,-2
sp|P02765|FETUA_HUMAN,P02765,2,0,-2
sp|Q86V21|AACS_HUMAN,Q86V21,1,3,2
sp|Q92530|PSMF1_HUMAN,Q92530,1,3,2
sp|Q9BYG5|PAR6B_HUMAN,Q9BYG5,1,3,2
sp|P13473|LAMP2_HUMAN,P13473,2,0,-2
sp|Q9Y5R8|TPPC1_HUMAN,Q9Y5R8,2,0,-2
sp|Q9UBU8|MO4L1_HUMAN,Q9UBU8,2,0,-2
sp|Q9BT23|LIMD2_HUMAN,Q9BT23,2,0,-2
sp|O00505|IMA4_HUMAN,O00505,1,3,2
sp|Q8WXE1|ATRIP_HUMAN,Q8WXE1,2,0,-2
sp|A0A0U1RR11|CENL1_HUMAN,A0A0U1RR11,2,0,-2
sp|O95159|ZFPL1_HUMAN,O95159,1,3,2
sp|Q9NW13|RBM28_HUMAN,Q9NW13,2,0,-2
sp|P53804|TTC3_HUMAN,P53804,2,0,-2
sp|Q12913|PTPRJ_HUMAN,Q12913,1,3,2
sp|Q16739|CEGT_HUMAN,Q16739,2,0,-2
sp|A9UHW6-2|MI4GD_HUMAN,A9UHW6-2,0,2,2
sp|O00161-2|SNP23_HUMAN,O00161-2,0,2,2
sp|O00273-2|DFFA_HUMAN,O00273-2,0,2,2
sp|O00442-2|RTCA_HUMAN,O00442-2,0,2,2
sp|O00592-2|PODXL_HUMAN,O00592-2,0,2,2
sp|O00762|UBE2C_HUMAN,O00762,0,2,2
sp|O14497-2|ARI1A_HUMAN,O14497-2,0,2,2
sp|O14521-2|DHSD_HUMAN,O14521-2,0,2,2
sp|O14639-2|ABLM1_HUMAN,O14639-2,0,2,2
sp|O14929-2|HAT1_HUMAN,O14929-2,0,2,2
sp|O15160-2|RPAC1_HUMAN,O15160-2,0,2,2
sp|O15162-2|PLS1_HUMAN,O15162-2,0,2,2
sp|O15400-2|STX7_HUMAN,O15400-2,0,2,2
sp|O15438-4|MRP3_HUMAN,O15438-4,0,2,2
sp|O43395|PRPF3_HUMAN,O43395,0,2,2
sp|O43414-2|ERI3_HUMAN,O43414-2,0,2,2
sp|O43674-2|NDUB5_HUMAN,O43674-2,0,2,2
sp|O60292|SI1L3_HUMAN,O60292,0,2,2
sp|O60678-2|ANM3_HUMAN,O60678-2,0,2,2
sp|O60828-2|PQBP1_HUMAN,O60828-2,0,2,2
sp|O75122-3|CLAP2_HUMAN,O75122-3,0,2,2
sp|O75150-4|BRE1B_HUMAN,O75150-4,0,2,2
sp|O75431-2|MTX2_HUMAN,O75431-2,0,2,2
sp|O75844|FACE1_HUMAN,O75844,0,2,2
sp|O94766-2|B3GA3_HUMAN,O94766-2,0,2,2
sp|O95178|NDUB2_HUMAN,O95178,0,2,2
sp|O95749-2|GGPPS_HUMAN,O95749-2,0,2,2
sp|O95801|TTC4_HUMAN,O95801,0,2,2
sp|O95834-2|EMAL2_HUMAN,O95834-2,0,2,2
sp|O96011-2|PX11B_HUMAN,O96011-2,0,2,2
sp|O96019-2|ACL6A_HUMAN,O96019-2,0,2,2
sp|P00387-2|NB5R3_HUMAN,P00387-2,0,2,2
sp|P00711|LALBA_BOVIN,P00711,0,2,2
sp|P01130-2|LDLR_HUMAN,P01130-2,0,2,2
sp|P04818-2|TYSY_HUMAN,P04818-2,0,2,2
sp|P05067-11|A4_HUMAN,P05067-11,0,2,2
sp|P08397-2|HEM3_HUMAN,P08397-2,0,2,2
sp|P08651-2|NFIC_HUMAN,P08651-2,0,2,2
sp|P0CG12|CTF8A_HUMAN,P0CG12,0,2,2
sp|P10155-3|RO60_HUMAN,P10155-3,0,2,2
sp|P13051-2|UNG_HUMAN,P13051-2,0,2,2
sp|P13688-10|CEAM1_HUMAN,P13688-10,0,2,2
sp|P13929-2|ENOB_HUMAN,P13929-2,0,2,2
sp|P14209-3|CD99_HUMAN,P14209-3,0,2,2
sp|P16278-2|BGAL_HUMAN,P16278-2,0,2,2
sp|P16455|MGMT_HUMAN,P16455,0,2,2
sp|P18615-3|NELFE_HUMAN,P18615-3,0,2,2
sp|P19022-2|CADH2_HUMAN,P19022-2,0,2,2
sp|P19367-2|HXK1_HUMAN,P19367-2,0,2,2
sp|P19784|CSK22_HUMAN,P19784,0,2,2
sp|P20839-2|IMDH1_HUMAN,P20839-2,0,2,2
sp|P21266|GSTM3_HUMAN,P21266,0,2,2
sp|P25490|TYY1_HUMAN,P25490,0,2,2
sp|P26368-2|U2AF2_HUMAN,P26368-2,0,2,2
sp|P29353-2|SHC1_HUMAN,P29353-2,0,2,2
sp|P29558-2|RBMS1_HUMAN,P29558-2,0,2,2
sp|P30536|TSPO_HUMAN,P30536,0,2,2
sp|P35612-3|ADDB_HUMAN,P35612-3,0,2,2
sp|P40616-2|ARL1_HUMAN,P40616-2,0,2,2
sp|P40938-2|RFC3_HUMAN,P40938-2,0,2,2
sp|P42574|CASP3_HUMAN,P42574,0,2,2
sp|P46977-2|STT3A_HUMAN,P46977-2,0,2,2
sp|P48960-2|CD97_HUMAN,P48960-2,0,2,2
sp|P49643-2|PRI2_HUMAN,P49643-2,0,2,2
sp|P49914-2|MTHFS_HUMAN,P49914-2,0,2,2
sp|P49959-3|MRE11_HUMAN,P49959-3,0,2,2
sp|P50416-2|CPT1A_HUMAN,P50416-2,0,2,2
sp|P51553-2|IDH3G_HUMAN,P51553-2,0,2,2
sp|P52434-3|RPAB3_HUMAN,P52434-3,0,2,2
sp|P52732|KIF11_HUMAN,P52732,0,2,2
sp|P53677|AP3M2_HUMAN,P53677,0,2,2
sp|P53801|PTTG_HUMAN,P53801,0,2,2
sp|P53985|MOT1_HUMAN,P53985,0,2,2
sp|P56937-2|DHB7_HUMAN,P56937-2,0,2,2
sp|P56945-2|BCAR1_HUMAN,P56945-2,0,2,2
sp|P57737-3|CORO7_HUMAN,P57737-3,0,2,2
sp|P60880-2|SNP25_HUMAN,P60880-2,0,2,2
sp|P61077-2|UB2D3_HUMAN,P61077-2,0,2,2
sp|P61619-3|S61A1_HUMAN,P61619-3,0,2,2
sp|P69905|HBA_HUMAN,P69905,0,2,2
sp|P78310-7|CXAR_HUMAN,P78310-7,0,2,2
sp|P78536-2|ADA17_HUMAN,P78536-2,0,2,2
sp|P80188-2|NGAL_HUMAN,P80188-2,0,2,2
sp|Q00534|CDK6_HUMAN,Q00534,0,2,2
sp|Q00613-2|HSF1_HUMAN,Q00613-2,0,2,2
sp|Q01433-2|AMPD2_HUMAN,Q01433-2,0,2,2
sp|Q01780|EXOSX_HUMAN,Q01780,0,2,2
sp|Q02218-2|ODO1_HUMAN,Q02218-2,0,2,2
sp|Q02880-2|TOP2B_HUMAN,Q02880-2,0,2,2
sp|Q03154-2|ACY1_HUMAN,Q03154-2,0,2,2
sp|Q03468|ERCC6_HUMAN,Q03468,0,2,2
sp|Q04323-2|UBXN1_HUMAN,Q04323-2,0,2,2
sp|Q06587-2|RING1_HUMAN,Q06587-2,0,2,2
sp|Q09028-3|RBBP4_HUMAN,Q09028-3,0,2,2
sp|Q12800-2|TFCP2_HUMAN,Q12800-2,0,2,2
sp|Q12846-2|STX4_HUMAN,Q12846-2,0,2,2
sp|Q13043-2|STK4_HUMAN,Q13043-2,0,2,2
sp|Q13158|FADD_HUMAN,Q13158,0,2,2
sp|Q13404-1|UB2V1_HUMAN,Q13404-1,0,2,2
sp|Q13438-2|OS9_HUMAN,Q13438-2,0,2,2
sp|Q13576|IQGA2_HUMAN,Q13576,0,2,2
sp|Q13601|KRR1_HUMAN,Q13601,0,2,2
sp|Q13616|CUL1_HUMAN,Q13616,0,2,2
sp|Q13637|RAB32_HUMAN,Q13637,0,2,2
sp|Q13868-2|EXOS2_HUMAN,Q13868-2,0,2,2
sp|Q14141-2|SEPT6_HUMAN,Q14141-2,0,2,2
sp|Q14232-2|EI2BA_HUMAN,Q14232-2,0,2,2
sp|Q14240-2|IF4A2_HUMAN,Q14240-2,0,2,2
sp|Q14558-2|KPRA_HUMAN,Q14558-2,0,2,2
sp|Q15043-2|S39AE_HUMAN,Q15043-2,0,2,2
sp|Q15418-2|KS6A1_HUMAN,Q15418-2,0,2,2
sp|Q15599-2|NHRF2_HUMAN,Q15599-2,0,2,2
sp|Q15629-2|TRAM1_HUMAN,Q15629-2,0,2,2
sp|Q15750-2|TAB1_HUMAN,Q15750-2,0,2,2
sp|Q15833-2|STXB2_HUMAN,Q15833-2,0,2,2
sp|Q16539-2|MK14_HUMAN,Q16539-2,0,2,2
sp|Q16540|RM23_HUMAN,Q16540,0,2,2
sp|Q16563-2|SYPL1_HUMAN,Q16563-2,0,2,2
sp|Q16678|CP1B1_HUMAN,Q16678,0,2,2
sp|Q2M389|WASC4_HUMAN,Q2M389,0,2,2
sp|Q2TAA2-2|IAH1_HUMAN,Q2TAA2-2,0,2,2
sp|Q32P28-3|P3H1_HUMAN,Q32P28-3,0,2,2
sp|Q3MHD2-2|LSM12_HUMAN,Q3MHD2-2,0,2,2
sp|Q4KMQ2-2|ANO6_HUMAN,Q4KMQ2-2,0,2,2
sp|Q53EL6-2|PDCD4_HUMAN,Q53EL6-2,0,2,2
sp|Q5BJH7-3|YIF1B_HUMAN,Q5BJH7-3,0,2,2
sp|Q5JS54-2|PSMG4_HUMAN,Q5JS54-2,0,2,2
sp|Q5T8P6-2|RBM26_HUMAN,Q5T8P6-2,0,2,2
sp|Q5UCC4-2|EMC10_HUMAN,Q5UCC4-2,0,2,2
sp|Q66K74-2|MAP1S_HUMAN,Q66K74-2,0,2,2
sp|Q6AI12|ANR40_HUMAN,Q6AI12,0,2,2
sp|Q6IA69-2|NADE_HUMAN,Q6IA69-2,0,2,2
sp|Q6NSW5|FA45B_HUMAN,Q6NSW5,0,2,2
sp|Q6P161|RM54_HUMAN,Q6P161,0,2,2
sp|Q6P1X6-2|CH082_HUMAN,Q6P1X6-2,0,2,2
sp|Q6PD62|CTR9_HUMAN,Q6PD62,0,2,2
sp|Q6VY07-2|PACS1_HUMAN,Q6VY07-2,0,2,2
sp|Q6YP21-3|KAT3_HUMAN,Q6YP21-3,0,2,2
sp|Q7Z4G1-2|COMD6_HUMAN,Q7Z4G1-2,0,2,2
sp|Q7Z4H7-3|HAUS6_HUMAN,Q7Z4H7-3,0,2,2
sp|Q7Z6K5-2|ARPIN_HUMAN,Q7Z6K5-2,0,2,2
sp|Q7Z7F7-2|RM55_HUMAN,Q7Z7F7-2,0,2,2
sp|Q7Z7H5-2|TMED4_HUMAN,Q7Z7H5-2,0,2,2
sp|Q86SR1-2|GLT10_HUMAN,Q86SR1-2,0,2,2
sp|Q86TI2-2|DPP9_HUMAN,Q86TI2-2,0,2,2
sp|Q86TU7|SETD3_HUMAN,Q86TU7,0,2,2
sp|Q86VR2|RETR3_HUMAN,Q86VR2,0,2,2
sp|Q86X02|CDR2L_HUMAN,Q86X02,0,2,2
sp|Q8IUC4|RHPN2_HUMAN,Q8IUC4,0,2,2
sp|Q8IUF8-4|RIOX2_HUMAN,Q8IUF8-4,0,2,2
sp|Q8IWS0-2|PHF6_HUMAN,Q8IWS0-2,0,2,2
sp|Q8IYI6|EXOC8_HUMAN,Q8IYI6,0,2,2
sp|Q8IYS1|P20D2_HUMAN,Q8IYS1,0,2,2
sp|Q8IZV5|RDH10_HUMAN,Q8IZV5,0,2,2
sp|Q8N5N7|RM50_HUMAN,Q8N5N7,0,2,2
sp|Q8N6H7-2|ARFG2_HUMAN,Q8N6H7-2,0,2,2
sp|Q8N6M0-2|OTU6B_HUMAN,Q8N6M0-2,0,2,2
sp|Q8NBJ4-2|GOLM1_HUMAN,Q8NBJ4-2,0,2,2
sp|Q8NBN7|RDH13_HUMAN,Q8NBN7,0,2,2
sp|Q8NDH3-2|PEPL1_HUMAN,Q8NDH3-2,0,2,2
sp|Q8NDI1-2|EHBP1_HUMAN,Q8NDI1-2,0,2,2
sp|Q8NEY8-2|PPHLN_HUMAN,Q8NEY8-2,0,2,2
sp|Q8NEZ5-2|FBX22_HUMAN,Q8NEZ5-2,0,2,2
sp|Q8NG11-2|TSN14_HUMAN,Q8NG11-2,0,2,2
sp|Q8TBQ9|KISHA_HUMAN,Q8TBQ9,0,2,2
sp|Q8TCA0-2|LRC20_HUMAN,Q8TCA0-2,0,2,2
sp|Q8TCJ2|STT3B_HUMAN,Q8TCJ2,0,2,2
sp|Q8TCS8|PNPT1_HUMAN,Q8TCS8,0,2,2
sp|Q8TD16-2|BICD2_HUMAN,Q8TD16-2,0,2,2
sp|Q8TD19|NEK9_HUMAN,Q8TD19,0,2,2
sp|Q8TDB8-2|GTR14_HUMAN,Q8TDB8-2,0,2,2
sp|Q8TE77-3|SSH3_HUMAN,Q8TE77-3,0,2,2
sp|Q8TF05-2|PP4R1_HUMAN,Q8TF05-2,0,2,2
sp|Q8WVV9-4|HNRLL_HUMAN,Q8WVV9-4,0,2,2
sp|Q92542-2|NICA_HUMAN,Q92542-2,0,2,2
sp|Q92599-2|SEPT8_HUMAN,Q92599-2,0,2,2
sp|Q92990-2|GLMN_HUMAN,Q92990-2,0,2,2
sp|Q969S3|ZN622_HUMAN,Q969S3,0,2,2
sp|Q96AQ6-2|PBIP1_HUMAN,Q96AQ6-2,0,2,2
sp|Q96BW5-2|PTER_HUMAN,Q96BW5-2,0,2,2
sp|Q96DZ1-2|ERLEC_HUMAN,Q96DZ1-2,0,2,2
sp|Q96E11-3|RRFM_HUMAN,Q96E11-3,0,2,2
sp|Q96FZ7|CHMP6_HUMAN,Q96FZ7,0,2,2
sp|Q96G28-2|CFA36_HUMAN,Q96G28-2,0,2,2
sp|Q96J01-2|THOC3_HUMAN,Q96J01-2,0,2,2
sp|Q96J02-2|ITCH_HUMAN,Q96J02-2,0,2,2
sp|Q96JB5-2|CK5P3_HUMAN,Q96JB5-2,0,2,2
sp|Q96JY6-5|PDLI2_HUMAN,Q96JY6-5,0,2,2
sp|Q96K21-2|ANCHR_HUMAN,Q96K21-2,0,2,2
sp|Q96LB3-2|IFT74_HUMAN,Q96LB3-2,0,2,2
sp|Q96MW1-2|CCD43_HUMAN,Q96MW1-2,0,2,2
sp|Q96S52-2|PIGS_HUMAN,Q96S52-2,0,2,2
sp|Q96SZ5|AEDO_HUMAN,Q96SZ5,0,2,2
sp|Q96T60-2|PNKP_HUMAN,Q96T60-2,0,2,2
sp|Q99538-2|LGMN_HUMAN,Q99538-2,0,2,2
sp|Q9BQ75-2|CMS1_HUMAN,Q9BQ75-2,0,2,2
sp|Q9BQE5|APOL2_HUMAN,Q9BQE5,0,2,2
sp|Q9BRT2|UQCC2_HUMAN,Q9BRT2,0,2,2
sp|Q9BTA9-5|WAC_HUMAN,Q9BTA9-5,0,2,2
sp|Q9BTC0-1|DIDO1_HUMAN,Q9BTC0-1,0,2,2
sp|Q9BUK6-2|MSTO1_HUMAN,Q9BUK6-2,0,2,2
sp|Q9BVC4-4|LST8_HUMAN,Q9BVC4-4,0,2,2
sp|Q9BVG8-2|KIFC3_HUMAN,Q9BVG8-2,0,2,2
sp|Q9BVL2-2|NUP58_HUMAN,Q9BVL2-2,0,2,2
sp|Q9BVP2-2|GNL3_HUMAN,Q9BVP2-2,0,2,2
sp|Q9BXR0-2|TGT_HUMAN,Q9BXR0-2,0,2,2
sp|Q9BXW7-2|HDHD5_HUMAN,Q9BXW7-2,0,2,2
sp|Q9BY67-2|CADM1_HUMAN,Q9BY67-2,0,2,2
sp|Q9BZG1-2|RAB34_HUMAN,Q9BZG1-2,0,2,2
sp|Q9C0E8-2|LNP_HUMAN,Q9C0E8-2,0,2,2
sp|Q9H000-2|MKRN2_HUMAN,Q9H000-2,0,2,2
sp|Q9H0P0-1|5NT3A_HUMAN,Q9H0P0-1,0,2,2
sp|Q9H173|SIL1_HUMAN,Q9H173,0,2,2
sp|Q9H1E3-2|NUCKS_HUMAN,Q9H1E3-2,0,2,2
sp|Q9H875-2|PKRI1_HUMAN,Q9H875-2,0,2,2
sp|Q9HAV4|XPO5_HUMAN,Q9HAV4,0,2,2
sp|Q9HD33-2|RM47_HUMAN,Q9HD33-2,0,2,2
sp|Q9NP77|SSU72_HUMAN,Q9NP77,0,2,2
sp|Q9NPF5|DMAP1_HUMAN,Q9NPF5,0,2,2
sp|Q9NQ29-2|LUC7L_HUMAN,Q9NQ29-2,0,2,2
sp|Q9NQ84-2|GPC5C_HUMAN,Q9NQ84-2,0,2,2
sp|Q9NQH7-2|XPP3_HUMAN,Q9NQH7-2,0,2,2
sp|Q9NR09|BIRC6_HUMAN,Q9NR09,0,2,2
sp|Q9NRN7-2|ADPPT_HUMAN,Q9NRN7-2,0,2,2
sp|Q9NS86|LANC2_HUMAN,Q9NS86,0,2,2
sp|Q9NV96-2|CC50A_HUMAN,Q9NV96-2,0,2,2
sp|Q9NVS9-3|PNPO_HUMAN,Q9NVS9-3,0,2,2
sp|Q9NVX2|NLE1_HUMAN,Q9NVX2,0,2,2
sp|Q9NWT1|PK1IP_HUMAN,Q9NWT1,0,2,2
sp|Q9NX46|ARHL2_HUMAN,Q9NX46,0,2,2
sp|Q9NZN8-4|CNOT2_HUMAN,Q9NZN8-4,0,2,2
sp|Q9P000-2|COMD9_HUMAN,Q9P000-2,0,2,2
sp|Q9P003|CNIH4_HUMAN,Q9P003,0,2,2
sp|Q9P265|DIP2B_HUMAN,Q9P265,0,2,2
sp|Q9UBB6-2|NCDN_HUMAN,Q9UBB6-2,0,2,2
sp|Q9UBV2-2|SE1L1_HUMAN,Q9UBV2-2,0,2,2
sp|Q9UHJ6|SHPK_HUMAN,Q9UHJ6,0,2,2
sp|Q9UIC8-2|LCMT1_HUMAN,Q9UIC8-2,0,2,2
sp|Q9UKR5|ERG28_HUMAN,Q9UKR5,0,2,2
sp|Q9UL40-2|ZN346_HUMAN,Q9UL40-2,0,2,2
sp|Q9ULA0|DNPEP_HUMAN,Q9ULA0,0,2,2
sp|Q9UM00-2|TMCO1_HUMAN,Q9UM00-2,0,2,2
sp|Q9UM54-6|MYO6_HUMAN,Q9UM54-6,0,2,2
sp|Q9UNQ0-2|ABCG2_HUMAN,Q9UNQ0-2,0,2,2
sp|Q9Y248|PSF2_HUMAN,Q9Y248,0,2,2
sp|Q9Y282-3|ERGI3_HUMAN,Q9Y282-3,0,2,2
sp|Q9Y291|RT33_HUMAN,Q9Y291,0,2,2
sp|Q9Y2Q5-2|LTOR2_HUMAN,Q9Y2Q5-2,0,2,2
sp|Q9Y2V7-2|COG6_HUMAN,Q9Y2V7-2,0,2,2
sp|Q9Y3Y2-3|CHTOP_HUMAN,Q9Y3Y2-3,0,2,2
sp|Q9Y5X2|SNX8_HUMAN,Q9Y5X2,0,2,2
sp|Q9Y6D9-3|MD1L1_HUMAN,Q9Y6D9-3,0,2,2
tr|A0A0B4J203|A0A0B4J203_HUMAN,A0A0B4J203,0,2,2
tr|A0A0U1RQS5|A0A0U1RQS5_HUMAN,A0A0U1RQS5,0,2,2
tr|E9PSI1|E9PSI1_HUMAN,E9PSI1,0,2,2
tr|Q9HB66|Q9HB66_HUMAN,Q9HB66,0,2,2
sp|P31483-3|TIA1_HUMAN,P31483-3,0,2,2
sp|P49247|RPIA_HUMAN,P49247,0,2,2
sp|P49366-2|DHYS_HUMAN,P49366-2,0,2,2
sp|P55196-1|AFAD_HUMAN,P55196-1,0,2,2
sp|Q15642-2|CIP4_HUMAN,Q15642-2,0,2,2
sp|Q8TF42|UBS3B_HUMAN,Q8TF42,0,2,2
tr|E7EUI8|E7EUI8_HUMAN,E7EUI8,0,2,2
tr|M0QXD5|M0QXD5_HUMAN,M0QXD5,0,2,2
sp|P14618-2|KPYM_HUMAN,P14618-2,0,2,2
sp|P16188|1A30_HUMAN,P16188,0,2,2
sp|P19013|K2C4_HUMAN,P19013,0,2,2
sp|Q3V6T2-2|GRDN_HUMAN,Q3V6T2-2,0,2,2
sp|P55210-3|CASP7_HUMAN,P55210-3,0,2,2
sp|P31751|AKT2_HUMAN,P31751,0,2,2
sp|Q9BRJ7|TIRR_HUMAN,Q9BRJ7,0,2,2
sp|Q12979-2|ABR_HUMAN,Q12979-2,0,2,2
sp|O60656|UD19_HUMAN,O60656,0,2,2
sp|P36873-2|PP1G_HUMAN,P36873-2,0,2,2
tr|B7Z596|B7Z596_HUMAN,B7Z596,0,2,2
sp|Q9NZA1|CLIC5_HUMAN,Q9NZA1,0,2,2
sp|Q9H2D6-2|TARA_HUMAN,Q9H2D6-2,0,2,2
sp|Q9NRP0-2|OSTC_HUMAN,Q9NRP0-2,0,2,2
sp|A9QM74|IMA8_HUMAN,A9QM74,0,2,2
sp|Q9UNL2-2|SSRG_HUMAN,Q9UNL2-2,0,2,2
sp|A6NKF1|SAC31_HUMAN,A6NKF1,0,2,2
sp|Q9NTJ4-2|MA2C1_HUMAN,Q9NTJ4-2,0,2,2
sp|O95399-2|UTS2_HUMAN,O95399-2,0,2,2
sp|Q96EY1-2|DNJA3_HUMAN,Q96EY1-2,0,2,2
sp|A2RRD8|ZN320_HUMAN,A2RRD8,0,2,2
tr|A0A087X1Z0|A0A087X1Z0_HUMAN,A0A087X1Z0,0,2,2
sp|Q8TAA9-2|VANG1_HUMAN,Q8TAA9-2,0,2,2
sp|P15153|RAC2_HUMAN,P15153,0,2,2
sp|P46108-2|CRK_HUMAN,P46108-2,0,2,2
sp|A0A0B4J2D5|GAL3B_HUMAN,A0A0B4J2D5,6,5,-1
sp|A5A3E0|POTEF_HUMAN,A5A3E0,2,1,-1
sp|A5YKK6|CNOT1_HUMAN,A5YKK6,6,7,1
sp|A6NDG6|PGP_HUMAN,A6NDG6,4,5,1
sp|A8MWD9|RUXGL_HUMAN,A8MWD9,6,5,-1
sp|B5ME19|EIFCL_HUMAN,B5ME19,18,19,1
sp|L0R6Q1|S35U4_HUMAN,L0R6Q1,5,4,-1
sp|O00194|RB27B_HUMAN,O00194,3,4,1
sp|O00244|ATOX1_HUMAN,O00244,7,6,-1
sp|O00299|CLIC1_HUMAN,O00299,23,22,-1
sp|O00303|EIF3F_HUMAN,O00303,17,16,-1
sp|O00461|GOLI4_HUMAN,O00461,5,6,1
sp|O00483|NDUA4_HUMAN,O00483,5,6,1
sp|O00764|PDXK_HUMAN,O00764,7,6,-1
sp|O14579|COPE_HUMAN,O14579,12,11,-1
sp|O14657|TOR1B_HUMAN,O14657,2,1,-1
sp|O14786|NRP1_HUMAN,O14786,2,1,-1
sp|O14880|MGST3_HUMAN,O14880,2,3,1
sp|O14907|TX1B3_HUMAN,O14907,2,1,-1
sp|O14908|GIPC1_HUMAN,O14908,3,2,-1
sp|O14964|HGS_HUMAN,O14964,15,14,-1
sp|O15031|PLXB2_HUMAN,O15031,10,9,-1
sp|O15126|SCAM1_HUMAN,O15126,5,4,-1
sp|O15143|ARC1B_HUMAN,O15143,8,9,1
sp|O15144|ARPC2_HUMAN,O15144,10,9,-1
sp|O15145|ARPC3_HUMAN,O15145,7,8,1
sp|O15305|PMM2_HUMAN,O15305,11,10,-1
sp|O15355|PPM1G_HUMAN,O15355,13,14,1
sp|O15372|EIF3H_HUMAN,O15372,8,9,1
sp|O15382|BCAT2_HUMAN,O15382,4,5,1
sp|O43181|NDUS4_HUMAN,O43181,2,3,1
sp|O43290|SNUT1_HUMAN,O43290,5,6,1
sp|O43432|IF4G3_HUMAN,O43432,1,0,-1
sp|O43488|ARK72_HUMAN,O43488,6,7,1
sp|O43598|DNPH1_HUMAN,O43598,4,3,-1
sp|O43615|TIM44_HUMAN,O43615,3,2,-1
sp|O43676|NDUB3_HUMAN,O43676,4,3,-1
sp|O60513|B4GT4_HUMAN,O60513,2,3,1
sp|O60684|IMA7_HUMAN,O60684,5,4,-1
sp|O60884|DNJA2_HUMAN,O60884,9,10,1
sp|O75116|ROCK2_HUMAN,O75116,14,13,-1
sp|O75152|ZC11A_HUMAN,O75152,3,2,-1
sp|O75323|NIPS2_HUMAN,O75323,8,7,-1
sp|O75340|PDCD6_HUMAN,O75340,10,9,-1
sp|O75351|VPS4B_HUMAN,O75351,6,5,-1
sp|O75368|SH3L1_HUMAN,O75368,5,6,1
sp|O75439|MPPB_HUMAN,O75439,7,6,-1
sp|O75718|CRTAP_HUMAN,O75718,4,3,-1
sp|O75821|EIF3G_HUMAN,O75821,5,6,1
sp|O75964|ATP5L_HUMAN,O75964,12,11,-1
sp|O76031|CLPX_HUMAN,O76031,7,6,-1
sp|O94760|DDAH1_HUMAN,O94760,3,2,-1
sp|O94992|HEXI1_HUMAN,O94992,7,8,1
sp|O95295|SNAPN_HUMAN,O95295,3,4,1
sp|O95372|LYPA2_HUMAN,O95372,4,3,-1
sp|O95810|CAVN2_HUMAN,O95810,3,2,-1
sp|O95817|BAG3_HUMAN,O95817,9,8,-1
sp|O96000|NDUBA_HUMAN,O96000,8,7,-1
sp|O96008|TOM40_HUMAN,O96008,11,10,-1
sp|P00167|CYB5_HUMAN,P00167,9,10,1
sp|P00374|DYR_HUMAN,P00374,3,2,-1
sp|P00403|COX2_HUMAN,P00403,4,5,1
sp|P00491|PNPH_HUMAN,P00491,11,10,-1
sp|P00568|KAD1_HUMAN,P00568,7,6,-1
sp|P00813|ADA_HUMAN,P00813,9,8,-1
sp|P02545|LMNA_HUMAN,P02545,68,69,1
sp|P04183|KITH_HUMAN,P04183,3,4,1
sp|P05386|RLA1_HUMAN,P05386,6,7,1
sp|P05388|RLA0_HUMAN,P05388,22,21,-1
sp|P06280|AGAL_HUMAN,P06280,7,6,-1
sp|P06493|CDK1_HUMAN,P06493,12,13,1
sp|P06865|HEXA_HUMAN,P06865,7,6,-1
sp|P07205|PGK2_HUMAN,P07205,1,0,-1
sp|P07311|ACYP1_HUMAN,P07311,3,4,1
sp|P07738|PMGE_HUMAN,P07738,3,2,-1
sp|P07858|CATB_HUMAN,P07858,15,16,1
sp|P08579|RU2B_HUMAN,P08579,7,6,-1
sp|P08581|MET_HUMAN,P08581,4,3,-1
sp|P08727|K1C19_HUMAN,P08727,15,14,-1
sp|P09110|THIK_HUMAN,P09110,5,6,1
sp|P09622|DLDH_HUMAN,P09622,11,10,-1
sp|P09661|RU2A_HUMAN,P09661,13,12,-1
sp|P09936|UCHL1_HUMAN,P09936,45,44,-1
sp|P0CG39|POTEJ_HUMAN,P0CG39,3,2,-1
sp|P10301|RRAS_HUMAN,P10301,5,6,1
sp|P10398|ARAF_HUMAN,P10398,1,2,1
sp|P11117|PPAL_HUMAN,P11117,3,4,1
sp|P11166|GTR1_HUMAN,P11166,5,6,1
sp|P11279|LAMP1_HUMAN,P11279,3,4,1
sp|P11586|C1TC_HUMAN,P11586,46,45,-1
sp|P11940|PABP1_HUMAN,P11940,44,43,-1
sp|P12830|CADH1_HUMAN,P12830,8,7,-1
sp|P13984|T2FB_HUMAN,P13984,3,4,1
sp|P14174|MIF_HUMAN,P14174,6,7,1
sp|P14854|CX6B1_HUMAN,P14854,8,7,-1
sp|P14927|QCR7_HUMAN,P14927,8,9,1
sp|P16083|NQO2_HUMAN,P16083,2,3,1
sp|P16219|ACADS_HUMAN,P16219,3,4,1
sp|P16949|STMN1_HUMAN,P16949,20,19,-1
sp|P17812|PYRG1_HUMAN,P17812,10,11,1
sp|P17931|LEG3_HUMAN,P17931,8,9,1
sp|P17980|PRS6A_HUMAN,P17980,23,22,-1
sp|P17987|TCPA_HUMAN,P17987,33,32,-1
sp|P18669|PGAM1_HUMAN,P18669,44,43,-1
sp|P18827|SDC1_HUMAN,P18827,2,1,-1
sp|P20618|PSB1_HUMAN,P20618,6,7,1
sp|P20645|MPRD_HUMAN,P20645,7,6,-1
sp|P20674|COX5A_HUMAN,P20674,13,12,-1
sp|P22059|OSBP1_HUMAN,P22059,3,4,1
sp|P23368|MAOM_HUMAN,P23368,5,6,1
sp|P23396|RS3_HUMAN,P23396,31,30,-1
sp|P23434|GCSH_HUMAN,P23434,3,2,-1
sp|P23588|IF4B_HUMAN,P23588,19,18,-1
sp|P25815|S100P_HUMAN,P25815,4,5,1
sp|P26038|MOES_HUMAN,P26038,62,63,1
sp|P26196|DDX6_HUMAN,P26196,15,16,1
sp|P28072|PSB6_HUMAN,P28072,7,6,-1
sp|P28676|GRAN_HUMAN,P28676,3,2,-1
sp|P29083|T2EA_HUMAN,P29083,3,2,-1
sp|P29144|TPP2_HUMAN,P29144,5,4,-1
sp|P29401|TKT_HUMAN,P29401,113,114,1
sp|P29966|MARCS_HUMAN,P29966,7,6,-1
sp|P30049|ATPD_HUMAN,P30049,2,3,1
sp|P30085|KCY_HUMAN,P30085,9,10,1
sp|P30838|AL3A1_HUMAN,P30838,114,115,1
sp|P31150|GDIA_HUMAN,P31150,8,7,-1
sp|P31937|3HIDH_HUMAN,P31937,8,7,-1
sp|P31942|HNRH3_HUMAN,P31942,21,20,-1
sp|P31946|1433B_HUMAN,P31946,28,27,-1
sp|P33764|S10A3_HUMAN,P33764,2,3,1
sp|P34949|MPI_HUMAN,P34949,4,5,1
sp|P35222|CTNB1_HUMAN,P35222,12,13,1
sp|P36551|HEM6_HUMAN,P36551,5,6,1
sp|P36871|PGM1_HUMAN,P36871,15,16,1
sp|P36954|RPB9_HUMAN,P36954,3,4,1
sp|P39019|RS19_HUMAN,P39019,27,28,1
sp|P39748|FEN1_HUMAN,P39748,15,14,-1
sp|P40199|CEAM6_HUMAN,P40199,3,2,-1
sp|P40227|TCPZ_HUMAN,P40227,29,30,1
sp|P41240|CSK_HUMAN,P41240,7,6,-1
sp|P42167|LAP2B_HUMAN,P42167,9,8,-1
sp|P42330|AK1C3_HUMAN,P42330,135,134,-1
sp|P42766|RL35_HUMAN,P42766,7,8,1
sp|P43243|MATR3_HUMAN,P43243,31,30,-1
sp|P46063|RECQ1_HUMAN,P46063,8,9,1
sp|P46109|CRKL_HUMAN,P46109,7,6,-1
sp|P48047|ATPO_HUMAN,P48047,19,18,-1
sp|P48507|GSH0_HUMAN,P48507,6,5,-1
sp|P49006|MRP_HUMAN,P49006,3,4,1
sp|P49406|RM19_HUMAN,P49406,4,3,-1
sp|P49411|EFTU_HUMAN,P49411,33,32,-1
sp|P49721|PSB2_HUMAN,P49721,12,13,1
sp|P49750|YLPM1_HUMAN,P49750,13,14,1
sp|P49756|RBM25_HUMAN,P49756,7,6,-1
sp|P49903|SPS1_HUMAN,P49903,4,3,-1
sp|P50213|IDH3A_HUMAN,P50213,14,15,1
sp|P50897|PPT1_HUMAN,P50897,5,4,-1
sp|P51116|FXR2_HUMAN,P51116,2,3,1
sp|P52565|GDIR1_HUMAN,P52565,25,26,1
sp|P52888|THOP1_HUMAN,P52888,4,5,1
sp|P52895|AK1C2_HUMAN,P52895,61,62,1
sp|P52943|CRIP2_HUMAN,P52943,9,8,-1
sp|P53004|BIEA_HUMAN,P53004,12,11,-1
sp|P53007|TXTP_HUMAN,P53007,3,2,-1
sp|P53041|PPP5_HUMAN,P53041,8,9,1
sp|P53365|ARFP2_HUMAN,P53365,3,2,-1
sp|P53597|SUCA_HUMAN,P53597,6,7,1
sp|P54105|ICLN_HUMAN,P54105,2,3,1
sp|P54652|HSP72_HUMAN,P54652,7,8,1
sp|P54709|AT1B3_HUMAN,P54709,4,3,-1
sp|P55036|PSMD4_HUMAN,P55036,16,17,1
sp|P55769|NH2L1_HUMAN,P55769,9,8,-1
sp|P55795|HNRH2_HUMAN,P55795,4,5,1
sp|P56556|NDUA6_HUMAN,P56556,4,3,-1
sp|P60468|SC61B_HUMAN,P60468,2,3,1
sp|P60602|ROMO1_HUMAN,P60602,2,3,1
sp|P60903|S10AA_HUMAN,P60903,28,29,1
sp|P61009|SPCS3_HUMAN,P61009,2,1,-1
sp|P61081|UBC12_HUMAN,P61081,8,7,-1
sp|P61163|ACTZ_HUMAN,P61163,12,11,-1
sp|P61225|RAP2B_HUMAN,P61225,4,3,-1
sp|P61421|VA0D1_HUMAN,P61421,3,4,1
sp|P61803|DAD1_HUMAN,P61803,4,3,-1
sp|P61970|NTF2_HUMAN,P61970,9,8,-1
sp|P62072|TIM10_HUMAN,P62072,4,5,1
sp|P62081|RS7_HUMAN,P62081,8,9,1
sp|P62244|RS15A_HUMAN,P62244,10,11,1
sp|P62263|RS14_HUMAN,P62263,15,14,-1
sp|P62266|RS23_HUMAN,P62266,9,8,-1
sp|P62273|RS29_HUMAN,P62273,9,8,-1
sp|P62277|RS13_HUMAN,P62277,12,13,1
sp|P62330|ARF6_HUMAN,P62330,3,4,1
sp|P62826|RAN_HUMAN,P62826,30,31,1
sp|P62937|PPIA_HUMAN,P62937,81,82,1
sp|P62993|GRB2_HUMAN,P62993,14,13,-1
sp|P63096|GNAI1_HUMAN,P63096,2,3,1
sp|P63208|SKP1_HUMAN,P63208,13,12,-1
sp|P63272|SPT4H_HUMAN,P63272,2,3,1
sp|P67775|PP2AA_HUMAN,P67775,11,12,1
sp|P68036|UB2L3_HUMAN,P68036,9,8,-1
sp|P68400|CSK21_HUMAN,P68400,6,7,1
sp|P68402|PA1B2_HUMAN,P68402,4,5,1
sp|P78318|IGBP1_HUMAN,P78318,2,3,1
sp|P78406|RAE1L_HUMAN,P78406,5,6,1
sp|P82979|SARNP_HUMAN,P82979,13,14,1
sp|P83916|CBX1_HUMAN,P83916,7,8,1
sp|P85037|FOXK1_HUMAN,P85037,7,6,-1
sp|Q00169|PIPNA_HUMAN,Q00169,4,5,1
sp|Q00765|REEP5_HUMAN,Q00765,7,6,-1
sp|Q01130|SRSF2_HUMAN,Q01130,11,10,-1
sp|Q01658|NC2B_HUMAN,Q01658,3,2,-1
sp|Q02127|PYRD_HUMAN,Q02127,4,3,-1
sp|Q02818|NUCB1_HUMAN,Q02818,13,14,1
sp|Q03135|CAV1_HUMAN,Q03135,11,10,-1
sp|Q06323|PSME1_HUMAN,Q06323,18,17,-1
sp|Q07955|SRSF1_HUMAN,Q07955,30,29,-1
sp|Q08752|PPID_HUMAN,Q08752,9,8,-1
sp|Q12874|SF3A3_HUMAN,Q12874,10,11,1
sp|Q12905|ILF2_HUMAN,Q12905,16,15,-1
sp|Q12962|TAF10_HUMAN,Q12962,2,1,-1
sp|Q12972|PP1R8_HUMAN,Q12972,4,3,-1
sp|Q13011|ECH1_HUMAN,Q13011,18,19,1
sp|Q13123|RED_HUMAN,Q13123,10,9,-1
sp|Q13151|ROA0_HUMAN,Q13151,6,7,1
sp|Q13217|DNJC3_HUMAN,Q13217,3,4,1
sp|Q13263|TIF1B_HUMAN,Q13263,42,41,-1
sp|Q13418|ILK_HUMAN,Q13418,10,9,-1
sp|Q13443|ADAM9_HUMAN,Q13443,5,4,-1
sp|Q13445|TMED1_HUMAN,Q13445,2,3,1
sp|Q13451|FKBP5_HUMAN,Q13451,4,3,-1
sp|Q13526|PIN1_HUMAN,Q13526,5,6,1
sp|Q13885|TBB2A_HUMAN,Q13885,2,1,-1
sp|Q14019|COTL1_HUMAN,Q14019,23,22,-1
sp|Q14119|VEZF1_HUMAN,Q14119,3,2,-1
sp|Q14165|MLEC_HUMAN,Q14165,8,7,-1
sp|Q14192|FHL2_HUMAN,Q14192,12,11,-1
sp|Q14197|ICT1_HUMAN,Q14197,5,4,-1
sp|Q14651|PLSI_HUMAN,Q14651,15,14,-1
sp|Q14764|MVP_HUMAN,Q14764,30,31,1
sp|Q15003|CND2_HUMAN,Q15003,4,5,1
sp|Q15005|SPCS2_HUMAN,Q15005,12,11,-1
sp|Q15021|CND1_HUMAN,Q15021,9,10,1
sp|Q15293|RCN1_HUMAN,Q15293,17,16,-1
sp|Q15369|ELOC_HUMAN,Q15369,11,10,-1
sp|Q15404|RSU1_HUMAN,Q15404,5,6,1
sp|Q15654|TRIP6_HUMAN,Q15654,3,2,-1
sp|Q15758|AAAT_HUMAN,Q15758,10,11,1
sp|Q15785|TOM34_HUMAN,Q15785,7,6,-1
sp|Q15836|VAMP3_HUMAN,Q15836,7,6,-1
sp|Q15843|NEDD8_HUMAN,Q15843,6,5,-1
sp|Q16352|AINX_HUMAN,Q16352,3,2,-1
sp|Q16740|CLPP_HUMAN,Q16740,6,5,-1
sp|Q16762|THTR_HUMAN,Q16762,10,11,1
sp|Q16822|PCKGM_HUMAN,Q16822,10,9,-1
sp|Q29RF7|PDS5A_HUMAN,Q29RF7,11,10,-1
sp|Q3ZCW2|LEGL_HUMAN,Q3ZCW2,2,3,1
sp|Q53FA7|QORX_HUMAN,Q53FA7,9,10,1
sp|Q56VL3|OCAD2_HUMAN,Q56VL3,7,8,1
sp|Q5BKZ1|ZN326_HUMAN,Q5BKZ1,4,5,1
sp|Q5HYK3|COQ5_HUMAN,Q5HYK3,3,2,-1
sp|Q5T653|RM02_HUMAN,Q5T653,2,3,1
sp|Q5VYK3|ECM29_HUMAN,Q5VYK3,9,10,1
sp|Q6DKK2|TTC19_HUMAN,Q6DKK2,3,2,-1
sp|Q6I9Y2|THOC7_HUMAN,Q6I9Y2,2,3,1
sp|Q6IAA8|LTOR1_HUMAN,Q6IAA8,4,3,-1
sp|Q6NVY1|HIBCH_HUMAN,Q6NVY1,4,5,1
sp|Q6P1J9|CDC73_HUMAN,Q6P1J9,2,3,1
sp|Q6P1N9|TATD1_HUMAN,Q6P1N9,5,6,1
sp|Q6PI48|SYDM_HUMAN,Q6PI48,2,3,1
sp|Q6UX53|MET7B_HUMAN,Q6UX53,2,3,1
sp|Q7L3B6|CD37L_HUMAN,Q7L3B6,2,1,-1
sp|Q7L5N1|CSN6_HUMAN,Q7L5N1,5,6,1
sp|Q7RTV0|PHF5A_HUMAN,Q7RTV0,4,3,-1
sp|Q7Z417|NUFP2_HUMAN,Q7Z417,7,6,-1
sp|Q7Z434|MAVS_HUMAN,Q7Z434,6,5,-1
sp|Q86XZ4|SPAS2_HUMAN,Q86XZ4,5,4,-1
sp|Q8IU81|I2BP1_HUMAN,Q8IU81,3,2,-1
sp|Q8IVM0|CCD50_HUMAN,Q8IVM0,2,1,-1
sp|Q8IVT2|MISP_HUMAN,Q8IVT2,14,13,-1
sp|Q8IWJ2|GCC2_HUMAN,Q8IWJ2,2,1,-1
sp|Q8N163|CCAR2_HUMAN,Q8N163,23,22,-1
sp|Q8N183|NDUF2_HUMAN,Q8N183,6,5,-1
sp|Q8N2U0|TM256_HUMAN,Q8N2U0,2,1,-1
sp|Q8N335|GPD1L_HUMAN,Q8N335,3,2,-1
sp|Q8N4P3|MESH1_HUMAN,Q8N4P3,2,3,1
sp|Q8N9N8|EIF1A_HUMAN,Q8N9N8,2,3,1
sp|Q8NBJ5|GT251_HUMAN,Q8NBJ5,9,10,1
sp|Q8NBQ5|DHB11_HUMAN,Q8NBQ5,5,6,1
sp|Q8NBS9|TXND5_HUMAN,Q8NBS9,19,20,1
sp|Q8NFH3|NUP43_HUMAN,Q8NFH3,2,3,1
sp|Q8NFQ8|TOIP2_HUMAN,Q8NFQ8,8,9,1
sp|Q8TB03|CX038_HUMAN,Q8TB03,1,2,1
sp|Q8WU90|ZC3HF_HUMAN,Q8WU90,6,5,-1
sp|Q8WVM8|SCFD1_HUMAN,Q8WVM8,6,5,-1
sp|Q8WXF1|PSPC1_HUMAN,Q8WXF1,14,13,-1
sp|Q8WYA6|CTBL1_HUMAN,Q8WYA6,6,5,-1
sp|Q92506|DHB8_HUMAN,Q92506,3,2,-1
sp|Q92520|FAM3C_HUMAN,Q92520,3,2,-1
sp|Q92797|SYMPK_HUMAN,Q92797,6,5,-1
sp|Q92820|GGH_HUMAN,Q92820,5,4,-1
sp|Q92841|DDX17_HUMAN,Q92841,20,19,-1
sp|Q92979|NEP1_HUMAN,Q92979,4,5,1
sp|Q93099|HGD_HUMAN,Q93099,2,3,1
sp|Q969H8|MYDGF_HUMAN,Q969H8,5,6,1
sp|Q96BR5|COA7_HUMAN,Q96BR5,2,1,-1
sp|Q96C23|GALM_HUMAN,Q96C23,5,4,-1
sp|Q96C86|DCPS_HUMAN,Q96C86,5,4,-1
sp|Q96CS3|FAF2_HUMAN,Q96CS3,5,4,-1
sp|Q96D53|COQ8B_HUMAN,Q96D53,5,4,-1
sp|Q96DG6|CMBL_HUMAN,Q96DG6,5,4,-1
sp|Q96EK6|GNA1_HUMAN,Q96EK6,5,4,-1
sp|Q96EL3|RM53_HUMAN,Q96EL3,7,6,-1
sp|Q96EP5|DAZP1_HUMAN,Q96EP5,8,9,1
sp|Q96FJ2|DYL2_HUMAN,Q96FJ2,5,4,-1
sp|Q96FV9|THOC1_HUMAN,Q96FV9,4,3,-1
sp|Q96GA7|SDSL_HUMAN,Q96GA7,4,5,1
sp|Q96GG9|DCNL1_HUMAN,Q96GG9,4,5,1
sp|Q96GK7|FAH2A_HUMAN,Q96GK7,6,5,-1
sp|Q96HY6|DDRGK_HUMAN,Q96HY6,2,3,1
sp|Q96I15|SCLY_HUMAN,Q96I15,3,2,-1
sp|Q96I24|FUBP3_HUMAN,Q96I24,16,17,1
sp|Q96I99|SUCB2_HUMAN,Q96I99,16,17,1
sp|Q96IU4|ABHEB_HUMAN,Q96IU4,8,7,-1
sp|Q99460|PSMD1_HUMAN,Q99460,26,27,1
sp|Q99470|SDF2_HUMAN,Q99470,4,3,-1
sp|Q99541|PLIN2_HUMAN,Q99541,6,5,-1
sp|Q99547|MPH6_HUMAN,Q99547,3,2,-1
sp|Q99622|C10_HUMAN,Q99622,4,3,-1
sp|Q99685|MGLL_HUMAN,Q99685,2,3,1
sp|Q99797|MIPEP_HUMAN,Q99797,2,3,1
sp|Q99798|ACON_HUMAN,Q99798,10,9,-1
sp|Q99816|TS101_HUMAN,Q99816,7,6,-1
sp|Q9BQ61|TRIR_HUMAN,Q9BQ61,5,4,-1
sp|Q9BRA2|TXD17_HUMAN,Q9BRA2,9,10,1
sp|Q9BRK5|CAB45_HUMAN,Q9BRK5,8,9,1
sp|Q9BSH4|TACO1_HUMAN,Q9BSH4,3,2,-1
sp|Q9BSH5|HDHD3_HUMAN,Q9BSH5,3,2,-1
sp|Q9BT09|CNPY3_HUMAN,Q9BT09,3,2,-1
sp|Q9BT78|CSN4_HUMAN,Q9BT78,10,11,1
sp|Q9BTY7|HGH1_HUMAN,Q9BTY7,4,3,-1
sp|Q9BV57|MTND_HUMAN,Q9BV57,6,5,-1
sp|Q9BV86|NTM1A_HUMAN,Q9BV86,3,4,1
sp|Q9BVJ7|DUS23_HUMAN,Q9BVJ7,5,4,-1
sp|Q9BVK6|TMED9_HUMAN,Q9BVK6,7,8,1
sp|Q9BW30|TPPP3_HUMAN,Q9BW30,5,4,-1
sp|Q9BW83|IFT27_HUMAN,Q9BW83,4,3,-1
sp|Q9BX68|HINT2_HUMAN,Q9BX68,7,8,1
sp|Q9BY32|ITPA_HUMAN,Q9BY32,7,8,1
sp|Q9BYD1|RM13_HUMAN,Q9BYD1,6,5,-1
sp|Q9BYN0|SRXN1_HUMAN,Q9BYN0,4,5,1
sp|Q9GZP8|IMUP_HUMAN,Q9GZP8,4,5,1
sp|Q9H0A8|COMD4_HUMAN,Q9H0A8,2,1,-1
sp|Q9H0C8|ILKAP_HUMAN,Q9H0C8,4,3,-1
sp|Q9H0D6|XRN2_HUMAN,Q9H0D6,24,25,1
sp|Q9H299|SH3L3_HUMAN,Q9H299,3,2,-1
sp|Q9H3N1|TMX1_HUMAN,Q9H3N1,6,5,-1
sp|Q9H3P7|GCP60_HUMAN,Q9H3P7,3,2,-1
sp|Q9H444|CHM4B_HUMAN,Q9H444,5,6,1
sp|Q9H488|OFUT1_HUMAN,Q9H488,7,6,-1
sp|Q9H4A6|GOLP3_HUMAN,Q9H4A6,3,4,1
sp|Q9H773|DCTP1_HUMAN,Q9H773,6,5,-1
sp|Q9H7Z7|PGES2_HUMAN,Q9H7Z7,5,6,1
sp|Q9H993|ARMT1_HUMAN,Q9H993,4,3,-1
sp|Q9H9A6|LRC40_HUMAN,Q9H9A6,4,5,1
sp|Q9HA64|KT3K_HUMAN,Q9HA64,4,5,1
sp|Q9HAV7|GRPE1_HUMAN,Q9HAV7,12,11,-1
sp|Q9HB40|RISC_HUMAN,Q9HB40,4,5,1
sp|Q9HB71|CYBP_HUMAN,Q9HB71,26,27,1
sp|Q9HCD5|NCOA5_HUMAN,Q9HCD5,2,3,1
sp|Q9HCN8|SDF2L_HUMAN,Q9HCN8,4,3,-1
sp|Q9HDC9|APMAP_HUMAN,Q9HDC9,14,15,1
sp|Q9NP79|VTA1_HUMAN,Q9NP79,6,7,1
sp|Q9NPA3|M1IP1_HUMAN,Q9NPA3,4,3,-1
sp|Q9NQ50|RM40_HUMAN,Q9NQ50,2,1,-1
sp|Q9NQ88|TIGAR_HUMAN,Q9NQ88,3,4,1
sp|Q9NQP4|PFD4_HUMAN,Q9NQP4,6,5,-1
sp|Q9NQS1|AVEN_HUMAN,Q9NQS1,1,2,1
sp|Q9NR31|SAR1A_HUMAN,Q9NR31,7,6,-1
sp|Q9NRX2|RM17_HUMAN,Q9NRX2,4,5,1
sp|Q9NS69|TOM22_HUMAN,Q9NS69,7,6,-1
sp|Q9NTZ6|RBM12_HUMAN,Q9NTZ6,5,6,1
sp|Q9NUI1|DECR2_HUMAN,Q9NUI1,5,6,1
sp|Q9NUJ3|T11L1_HUMAN,Q9NUJ3,2,1,-1
sp|Q9NVD7|PARVA_HUMAN,Q9NVD7,3,4,1
sp|Q9NVT9|ARMC1_HUMAN,Q9NVT9,3,2,-1
sp|Q9NWB6|ARGL1_HUMAN,Q9NWB6,3,2,-1
sp|Q9NX55|HYPK_HUMAN,Q9NX55,4,3,-1
sp|Q9NXW2|DJB12_HUMAN,Q9NXW2,6,5,-1
sp|Q9NY27|PP4R2_HUMAN,Q9NY27,4,3,-1
sp|Q9NY61|AATF_HUMAN,Q9NY61,3,2,-1
sp|Q9NZ01|TECR_HUMAN,Q9NZ01,4,3,-1
sp|Q9P035|HACD3_HUMAN,Q9P035,2,1,-1
sp|Q9P0L0|VAPA_HUMAN,Q9P0L0,15,14,-1
sp|Q9P2K5|MYEF2_HUMAN,Q9P2K5,7,6,-1
sp|Q9UBI6|GBG12_HUMAN,Q9UBI6,11,10,-1
sp|Q9UBS4|DJB11_HUMAN,Q9UBS4,5,4,-1
sp|Q9UDW1|QCR9_HUMAN,Q9UDW1,3,4,1
sp|Q9UFW8|CGBP1_HUMAN,Q9UFW8,2,3,1
sp|Q9UGI8|TES_HUMAN,Q9UGI8,15,14,-1
sp|Q9UHG3|PCYOX_HUMAN,Q9UHG3,10,11,1
sp|Q9UHR4|BI2L1_HUMAN,Q9UHR4,7,6,-1
sp|Q9UHV9|PFD2_HUMAN,Q9UHV9,6,7,1
sp|Q9UII2|ATIF1_HUMAN,Q9UII2,3,4,1
sp|Q9UJ72|ANX10_HUMAN,Q9UJ72,5,4,-1
sp|Q9UK45|LSM7_HUMAN,Q9UK45,2,3,1
sp|Q9UKS6|PACN3_HUMAN,Q9UKS6,6,5,-1
sp|Q9UL46|PSME2_HUMAN,Q9UL46,15,14,-1
sp|Q9ULC4|MCTS1_HUMAN,Q9ULC4,9,8,-1
sp|Q9UM22|EPDR1_HUMAN,Q9UM22,4,5,1
sp|Q9UN37|VPS4A_HUMAN,Q9UN37,3,2,-1
sp|Q9UPN7|PP6R1_HUMAN,Q9UPN7,2,3,1
sp|Q9Y281|COF2_HUMAN,Q9Y281,8,9,1
sp|Q9Y285|SYFA_HUMAN,Q9Y285,7,6,-1
sp|Q9Y2R5|RT17_HUMAN,Q9Y2R5,3,2,-1
sp|Q9Y2V2|CHSP1_HUMAN,Q9Y2V2,4,3,-1
sp|Q9Y315|DEOC_HUMAN,Q9Y315,5,6,1
sp|Q9Y376|CAB39_HUMAN,Q9Y376,3,4,1
sp|Q9Y399|RT02_HUMAN,Q9Y399,3,4,1
sp|Q9Y3B4|SF3B6_HUMAN,Q9Y3B4,8,7,-1
sp|Q9Y3C8|UFC1_HUMAN,Q9Y3C8,4,3,-1
sp|Q9Y3D6|FIS1_HUMAN,Q9Y3D6,2,3,1
sp|Q9Y3U8|RL36_HUMAN,Q9Y3U8,6,7,1
sp|Q9Y4W6|AFG32_HUMAN,Q9Y4W6,5,4,-1
sp|Q9Y4Z0|LSM4_HUMAN,Q9Y4Z0,6,5,-1
sp|Q9Y530|OARD1_HUMAN,Q9Y530,3,2,-1
sp|Q9Y5J7|TIM9_HUMAN,Q9Y5J7,3,4,1
sp|Q9Y5K5|UCHL5_HUMAN,Q9Y5K5,11,10,-1
sp|Q9Y617|SERC_HUMAN,Q9Y617,22,23,1
sp|Q9Y6B6|SAR1B_HUMAN,Q9Y6B6,2,1,-1
sp|P15374|UCHL3_HUMAN,P15374,2,3,1
sp|P35900|K1C20_HUMAN,P35900,3,2,-1
sp|Q04828|AK1C1_HUMAN,Q04828,1,0,-1
sp|Q2TAL8|QRIC1_HUMAN,Q2TAL8,2,1,-1
sp|Q63HN8|RN213_HUMAN,Q63HN8,1,0,-1
sp|Q86SJ2|AMGO2_HUMAN,Q86SJ2,2,1,-1
sp|Q8IUE6|H2A2B_HUMAN,Q8IUE6,3,2,-1
sp|Q8TAD7|OCC1_HUMAN,Q8TAD7,2,1,-1
sp|Q8TDP1|RNH2C_HUMAN,Q8TDP1,2,1,-1
sp|Q8WUR7|CO040_HUMAN,Q8WUR7,2,1,-1
sp|Q8WV22|NSE1_HUMAN,Q8WV22,2,1,-1
sp|Q92572|AP3S1_HUMAN,Q92572,3,2,-1
sp|Q92934|BAD_HUMAN,Q92934,2,3,1
sp|Q96D42|HAVR1_HUMAN,Q96D42,2,1,-1
sp|Q96JH7|VCIP1_HUMAN,Q96JH7,1,2,1
sp|Q9H078|CLPB_HUMAN,Q9H078,1,0,-1
sp|Q9UEE9|CFDP1_HUMAN,Q9UEE9,1,2,1
sp|Q9UIV1|CNOT7_HUMAN,Q9UIV1,1,0,-1
sp|Q9Y3A4|RRP7A_HUMAN,Q9Y3A4,2,3,1
sp|Q9Y512|SAM50_HUMAN,Q9Y512,2,3,1
sp|Q9Y624|JAM1_HUMAN,Q9Y624,1,2,1
sp|O15164|TIF1A_HUMAN,O15164,1,0,-1
sp|P17568|NDUB7_HUMAN,P17568,2,3,1
sp|P57721|PCBP3_HUMAN,P57721,1,0,-1
sp|Q00577|PURA_HUMAN,Q00577,2,3,1
sp|Q04941|PLP2_HUMAN,Q04941,3,2,-1
sp|Q12800|TFCP2_HUMAN,Q12800,1,0,-1
sp|Q13136|LIPA1_HUMAN,Q13136,1,0,-1
sp|Q53FT3|HIKES_HUMAN,Q53FT3,2,1,-1
sp|Q5M775|CYTSB_HUMAN,Q5M775,1,0,-1
sp|Q8N0X7|SPART_HUMAN,Q8N0X7,2,1,-1
sp|Q9HA77|SYCM_HUMAN,Q9HA77,2,1,-1
sp|O00584|RNT2_HUMAN,O00584,2,1,-1
sp|P29558|RBMS1_HUMAN,P29558,1,0,-1
sp|Q14141|SEPT6_HUMAN,Q14141,1,0,-1
sp|Q7Z2K6|ERMP1_HUMAN,Q7Z2K6,1,0,-1
sp|Q8NDH3|PEPL1_HUMAN,Q8NDH3,1,0,-1
sp|Q8WXE9|STON2_HUMAN,Q8WXE9,1,0,-1
sp|Q9BU61|NDUF3_HUMAN,Q9BU61,2,1,-1
sp|Q9Y3C0|WASC3_HUMAN,Q9Y3C0,2,1,-1
sp|Q6IN84|MRM1_HUMAN,Q6IN84,1,2,1
sp|Q96CP2|FWCH2_HUMAN,Q96CP2,2,1,-1
sp|Q9BV68|RN126_HUMAN,Q9BV68,2,1,-1
sp|Q5SW79|CE170_HUMAN,Q5SW79,2,1,-1
sp|Q92733|PRCC_HUMAN,Q92733,2,1,-1
sp|P43897|EFTS_HUMAN,P43897,1,0,-1
sp|Q9BQP7|MGME1_HUMAN,Q9BQP7,2,1,-1
sp|P02795|MT2_HUMAN,P02795,4,5,1
sp|P04908|H2A1B_HUMAN,P04908,3,4,1
sp|Q5T6V5|QSPP_HUMAN,Q5T6V5,2,1,-1
sp|Q9NX20|RM16_HUMAN,Q9NX20,2,3,1
sp|Q9UBB5|MBD2_HUMAN,Q9UBB5,2,1,-1
sp|O60885|BRD4_HUMAN,O60885,1,0,-1
sp|O95749|GGPPS_HUMAN,O95749,1,0,-1
sp|Q5TEC6|H37_HUMAN,Q5TEC6,1,0,-1
sp|Q6UWE0|LRSM1_HUMAN,Q6UWE0,1,2,1
sp|Q709C8|VP13C_HUMAN,Q709C8,1,0,-1
sp|Q8NG11|TSN14_HUMAN,Q8NG11,1,0,-1
sp|Q9BYD3|RM04_HUMAN,Q9BYD3,2,1,-1
sp|P10321|HLAC_HUMAN,P10321,1,0,-1
sp|P17252|KPCA_HUMAN,P17252,1,0,-1
sp|P56545|CTBP2_HUMAN,P56545,1,0,-1
sp|Q9H2J4|PDCL3_HUMAN,Q9H2J4,1,0,-1
sp|P49366|DHYS_HUMAN,P49366,1,0,-1
sp|P53701|CCHL_HUMAN,P53701,1,2,1
sp|Q15054|DPOD3_HUMAN,Q15054,1,0,-1
sp|Q8NFC6|BD1L1_HUMAN,Q8NFC6,3,2,-1
sp|P13196|HEM1_HUMAN,P13196,1,0,-1
sp|Q14653|IRF3_HUMAN,Q14653,1,2,1
sp|O43665|RGS10_HUMAN,O43665,1,0,-1
sp|P52758|RIDA_HUMAN,P52758,1,0,-1
sp|Q96I36|COX14_HUMAN,Q96I36,1,0,-1
sp|Q9BUH6|PAXX_HUMAN,Q9BUH6,2,3,1
sp|O60427|FADS1_HUMAN,O60427,1,0,-1
sp|Q9Y606|PUS1_HUMAN,Q9Y606,1,0,-1
sp|Q9NPR2|SEM4B_HUMAN,Q9NPR2,1,0,-1
sp|Q9BYV8|CEP41_HUMAN,Q9BYV8,1,0,-1
sp|Q9HBH5|RDH14_HUMAN,Q9HBH5,1,2,1
sp|Q7Z4H7|HAUS6_HUMAN,Q7Z4H7,1,0,-1
sp|Q9H0L4|CSTFT_HUMAN,Q9H0L4,1,0,-1
sp|O60573|IF4E2_HUMAN,O60573,1,0,-1
sp|Q567U6|CCD93_HUMAN,Q567U6,1,0,-1
sp|Q8NFH4|NUP37_HUMAN,Q8NFH4,1,2,1
sp|O43752|STX6_HUMAN,O43752,1,2,1
sp|P15291|B4GT1_HUMAN,P15291,1,0,-1
sp|P18754|RCC1_HUMAN,P18754,1,0,-1
sp|P50583|AP4A_HUMAN,P50583,1,2,1
sp|Q9H5N1|RABE2_HUMAN,Q9H5N1,1,0,-1
sp|A6NNZ2|TBB8B_HUMAN,A6NNZ2,1,0,-1
sp|Q86T03|PP4P1_HUMAN,Q86T03,1,0,-1
sp|P54252|ATX3_HUMAN,P54252,1,0,-1
sp|Q8N983|RM43_HUMAN,Q8N983,1,0,-1
sp|Q7Z7F7|RM55_HUMAN,Q7Z7F7,1,0,-1
sp|Q8N8E3|CE112_HUMAN,Q8N8E3,1,0,-1
sp|Q9NQX3|GEPH_HUMAN,Q9NQX3,1,0,-1
sp|P40855|PEX19_HUMAN,P40855,1,0,-1
sp|Q15437|SC23B_HUMAN,Q15437,2,1,-1
sp|Q15750|TAB1_HUMAN,Q15750,1,0,-1
sp|Q15418|KS6A1_HUMAN,Q15418,1,0,-1
sp|Q96NC0|ZMAT2_HUMAN,Q96NC0,1,0,-1
sp|Q6NXR4|TTI2_HUMAN,Q6NXR4,1,0,-1
sp|P35813|PPM1A_HUMAN,P35813,1,0,-1
sp|O15327|INP4B_HUMAN,O15327,1,0,-1
sp|Q01167|FOXK2_HUMAN,Q01167,1,0,-1
sp|O14933|UB2L6_HUMAN,O14933,1,0,-1
sp|Q96EC8|YIPF6_HUMAN,Q96EC8,1,0,-1
sp|Q9P0J7|KCMF1_HUMAN,Q9P0J7,1,0,-1
sp|O43464|HTRA2_HUMAN,O43464,1,0,-1
sp|P16220|CREB1_HUMAN,P16220,1,0,-1
sp|Q6P2E9|EDC4_HUMAN,Q6P2E9,2,3,1
sp|O60462|NRP2_HUMAN,O60462,1,0,-1
sp|P05423|RPC4_HUMAN,P05423,2,1,-1
sp|Q8N8N7|PTGR2_HUMAN,Q8N8N7,2,1,-1
sp|Q9P206|K1522_HUMAN,Q9P206,1,0,-1
sp|P36406|TRI23_HUMAN,P36406,1,0,-1
sp|Q13425|SNTB2_HUMAN,Q13425,1,0,-1
sp|Q8TCG1|CIP2A_HUMAN,Q8TCG1,1,0,-1
sp|Q9UP83|COG5_HUMAN,Q9UP83,1,0,-1
sp|Q8TB37|NUBPL_HUMAN,Q8TB37,1,0,-1
sp|Q9NRY2|SOSSC_HUMAN,Q9NRY2,1,0,-1
sp|P27144|KAD4_HUMAN,P27144,1,0,-1
sp|Q9Y2Q9|RT28_HUMAN,Q9Y2Q9,3,2,-1
sp|Q8NEZ2|VP37A_HUMAN,Q8NEZ2,1,0,-1
sp|Q9BT25|HAUS8_HUMAN,Q9BT25,1,0,-1
sp|A6NDY0|EPAB2_HUMAN,A6NDY0,1,0,-1
sp|Q9H0E9|BRD8_HUMAN,Q9H0E9,1,0,-1
sp|Q96RT1|ERBIN_HUMAN,Q96RT1,1,0,-1
sp|Q6NSW5|DE10B_HUMAN,Q6NSW5,1,0,-1
sp|Q49A26|GLYR1_HUMAN,Q49A26,1,0,-1
sp|Q14527|HLTF_HUMAN,Q14527,1,0,-1
sp|Q9BRF8|CPPED_HUMAN,Q9BRF8,3,4,1
sp|Q92901|RL3L_HUMAN,Q92901,1,0,-1
sp|Q9H9T3|ELP3_HUMAN,Q9H9T3,1,0,-1
sp|Q8WVY7|UBCP1_HUMAN,Q8WVY7,2,1,-1
sp|Q9Y3E1|HDGR3_HUMAN,Q9Y3E1,1,2,1
sp|Q9NUL3|STAU2_HUMAN,Q9NUL3,1,0,-1
sp|Q9UBM7|DHCR7_HUMAN,Q9UBM7,2,3,1
sp|Q8IVD9|NUDC3_HUMAN,Q8IVD9,2,3,1
sp|O43251|RFOX2_HUMAN,O43251,1,0,-1
sp|P06454|PTMA_HUMAN,P06454,1,0,-1
sp|P36639|8ODP_HUMAN,P36639,1,0,-1
sp|P57739|CLD2_HUMAN,P57739,1,0,-1
sp|Q5BJD5|TM41B_HUMAN,Q5BJD5,1,0,-1
sp|Q8NDC0|MISSL_HUMAN,Q8NDC0,1,2,1
sp|Q96S97|MYADM_HUMAN,Q96S97,1,2,1
sp|Q9NUM3|S39A9_HUMAN,Q9NUM3,1,0,-1
sp|Q9UMS0|NFU1_HUMAN,Q9UMS0,1,0,-1
sp|Q9UNW1|MINP1_HUMAN,Q9UNW1,2,3,1
sp|Q96A57|TM230_HUMAN,Q96A57,1,0,-1
sp|Q9BVC6|TM109_HUMAN,Q9BVC6,1,2,1
sp|P82970|HMGN5_HUMAN,P82970,2,1,-1
sp|Q8IYB5|SMAP1_HUMAN,Q8IYB5,1,0,-1
sp|Q96EQ0|SGTB_HUMAN,Q96EQ0,1,0,-1
sp|Q9NZ52|GGA3_HUMAN,Q9NZ52,1,0,-1
sp|O75528|TADA3_HUMAN,O75528,1,0,-1
sp|O76080|ZFAN5_HUMAN,O76080,1,0,-1
sp|Q8N131|PORIM_HUMAN,Q8N131,1,0,-1
sp|P50151|GBG10_HUMAN,P50151,1,2,1
sp|Q8WUX9|CHMP7_HUMAN,Q8WUX9,1,0,-1
sp|Q9BVT8|TMUB1_HUMAN,Q9BVT8,1,0,-1
sp|P55259|GP2_HUMAN,P55259,1,0,-1
sp|P26368|U2AF2_HUMAN,P26368,1,0,-1
sp|Q15276|RABE1_HUMAN,Q15276,1,0,-1
sp|Q96ND0|F210A_HUMAN,Q96ND0,1,0,-1
sp|O94907|DKK1_HUMAN,O94907,1,0,-1
sp|Q96HQ2|C2AIL_HUMAN,Q96HQ2,1,0,-1
sp|Q9H875|PKRI1_HUMAN,Q9H875,1,0,-1
sp|O15269|SPTC1_HUMAN,O15269,1,0,-1
sp|Q9H3Q1|BORG4_HUMAN,Q9H3Q1,1,0,-1
sp|P12074|CX6A1_HUMAN,P12074,1,0,-1
sp|P39060|COIA1_HUMAN,P39060,1,0,-1
sp|Q96MG7|NSE3_HUMAN,Q96MG7,1,2,1
sp|O60238|BNI3L_HUMAN,O60238,1,0,-1
sp|P25445|TNR6_HUMAN,P25445,1,0,-1
sp|Q16563|SYPL1_HUMAN,Q16563,1,0,-1
sp|Q15125|EBP_HUMAN,Q15125,2,1,-1
sp|Q9H5X1|CIA2A_HUMAN,Q9H5X1,1,0,-1
sp|Q96BS2|CHP3_HUMAN,Q96BS2,1,0,-1
sp|O00767|SCD_HUMAN,O00767,1,0,-1
sp|Q5TC12|ATPF1_HUMAN,Q5TC12,1,0,-1
sp|P29590|PML_HUMAN,P29590,1,0,-1
sp|Q8N5M9|JAGN1_HUMAN,Q8N5M9,1,0,-1
sp|Q9UKM7|MA1B1_HUMAN,Q9UKM7,1,2,1
sp|O14732|IMPA2_HUMAN,O14732,1,0,-1
sp|P15336|ATF2_HUMAN,P15336,1,0,-1
sp|Q15041|AR6P1_HUMAN,Q15041,1,0,-1
sp|Q9BPX5|ARP5L_HUMAN,Q9BPX5,2,3,1
sp|Q01804|OTUD4_HUMAN,Q01804,1,0,-1
sp|Q8TCC3|RM30_HUMAN,Q8TCC3,1,0,-1
sp|Q8TCT8|SPP2A_HUMAN,Q8TCT8,1,2,1
sp|P14209|CD99_HUMAN,P14209,1,0,-1
sp|Q86UU0|BCL9L_HUMAN,Q86UU0,1,0,-1
sp|Q9UPQ9|TNR6B_HUMAN,Q9UPQ9,1,0,-1
sp|A8MXV4|NUD19_HUMAN,A8MXV4,1,0,-1
sp|Q6P2C8|MED27_HUMAN,Q6P2C8,1,0,-1
sp|Q92925|SMRD2_HUMAN,Q92925,1,0,-1
sp|P36404|ARL2_HUMAN,P36404,1,0,-1
sp|Q96J84|KIRR1_HUMAN,Q96J84,1,0,-1
sp|Q9BW92|SYTM_HUMAN,Q9BW92,1,0,-1
sp|Q6UN15|FIP1_HUMAN,Q6UN15,1,0,-1
sp|P78549|NTH_HUMAN,P78549,1,0,-1
sp|Q969S9|RRF2M_HUMAN,Q969S9,1,0,-1
sp|P46527|CDN1B_HUMAN,P46527,1,0,-1
sp|Q8WUY1|THEM6_HUMAN,Q8WUY1,1,0,-1
sp|Q9NZQ3|SPN90_HUMAN,Q9NZQ3,1,0,-1
sp|Q5ZPR3|CD276_HUMAN,Q5ZPR3,1,0,-1
sp|Q9BZL4|PP12C_HUMAN,Q9BZL4,1,0,-1
sp|Q969M3|YIPF5_HUMAN,Q969M3,1,0,-1
sp|Q9NWV8|BABA1_HUMAN,Q9NWV8,1,0,-1
sp|Q9BQ15|SOSB1_HUMAN,Q9BQ15,1,0,-1
sp|Q9NXA8|SIR5_HUMAN,Q9NXA8,1,0,-1
sp|Q9Y4Y9|LSM5_HUMAN,Q9Y4Y9,1,0,-1
sp|P48960|AGRE5_HUMAN,P48960,1,0,-1
sp|Q4VC05|BCL7A_HUMAN,Q4VC05,1,0,-1
sp|Q53T59|H1BP3_HUMAN,Q53T59,1,2,1
sp|Q9Y223|GLCNE_HUMAN,Q9Y223,1,0,-1
sp|Q9NZJ6|COQ3_HUMAN,Q9NZJ6,1,0,-1
sp|O75251|NDUS7_HUMAN,O75251,1,0,-1
sp|Q9BQB6|VKOR1_HUMAN,Q9BQB6,1,0,-1
sp|Q9NRY5|F1142_HUMAN,Q9NRY5,1,2,1
sp|Q96HR9|REEP6_HUMAN,Q96HR9,1,0,-1
sp|P02649|APOE_HUMAN,P02649,1,0,-1
sp|Q9BRQ8|FSP1_HUMAN,Q9BRQ8,1,0,-1
sp|P63098|CANB1_HUMAN,P63098,1,0,-1
sp|Q15583|TGIF1_HUMAN,Q15583,1,0,-1
sp|Q9NWM8|FKB14_HUMAN,Q9NWM8,1,0,-1
sp|P04066|FUCO_HUMAN,P04066,2,1,-1
sp|Q9ULD2|MTUS1_HUMAN,Q9ULD2,1,0,-1
sp|Q14919|NC2A_HUMAN,Q14919,1,0,-1
sp|Q9NUQ7|UFSP2_HUMAN,Q9NUQ7,1,0,-1
sp|P20749|BCL3_HUMAN,P20749,1,0,-1
sp|Q9BV81|EMC6_HUMAN,Q9BV81,1,0,-1
sp|P33121|ACSL1_HUMAN,P33121,1,0,-1
sp|Q92990|GLMN_HUMAN,Q92990,1,0,-1
sp|Q6UWP7|LCLT1_HUMAN,Q6UWP7,1,0,-1
sp|Q9NYL2|M3K20_HUMAN,Q9NYL2,1,0,-1
sp|O00308|WWP2_HUMAN,O00308,1,0,-1
sp|Q6NYC1|JMJD6_HUMAN,Q6NYC1,1,0,-1
sp|P61077|UB2D3_HUMAN,P61077,1,0,-1
sp|Q6ZNW5|GDPP1_HUMAN,Q6ZNW5,1,0,-1
sp|Q96LW7|CAR19_HUMAN,Q96LW7,1,0,-1
sp|Q9H410|DSN1_HUMAN,Q9H410,1,0,-1
sp|Q71RG4|TMUB2_HUMAN,Q71RG4,1,0,-1
sp|Q92878|RAD50_HUMAN,Q92878,1,0,-1
sp|O95197|RTN3_HUMAN,O95197,1,0,-1
sp|O94864|ST65G_HUMAN,O94864,1,0,-1
sp|P82912|RT11_HUMAN,P82912,1,0,-1
sp|Q5R3I4|TTC38_HUMAN,Q5R3I4,1,0,-1
sp|Q7Z5H4|VN1R5_HUMAN,Q7Z5H4,1,2,1
sp|Q9NWQ9|CN119_HUMAN,Q9NWQ9,1,0,-1
sp|P15104|GLNA_HUMAN,P15104,1,0,-1
sp|Q14558|KPRA_HUMAN,Q14558,1,0,-1
sp|Q9H6K4|OPA3_HUMAN,Q9H6K4,1,0,-1
sp|Q96K21|ANCHR_HUMAN,Q96K21,1,0,-1
sp|Q9Y5J9|TIM8B_HUMAN,Q9Y5J9,1,2,1
sp|Q8WZA0|LZIC_HUMAN,Q8WZA0,1,0,-1
sp|O94888|UBXN7_HUMAN,O94888,1,2,1
sp|P09038|FGF2_HUMAN,P09038,1,0,-1
sp|Q7Z6J9|SEN54_HUMAN,Q7Z6J9,1,0,-1
sp|Q9BZL1|UBL5_HUMAN,Q9BZL1,1,0,-1
sp|Q15653|IKBB_HUMAN,Q15653,1,0,-1
sp|P07992|ERCC1_HUMAN,P07992,1,0,-1
sp|Q8TED1|GPX8_HUMAN,Q8TED1,1,2,1
sp|Q96N66|MBOA7_HUMAN,Q96N66,1,0,-1
sp|O14683|P5I11_HUMAN,O14683,1,0,-1
sp|Q15043|S39AE_HUMAN,Q15043,1,0,-1
sp|Q13951|PEBB_HUMAN,Q13951,1,0,-1
sp|Q9NWU5|RM22_HUMAN,Q9NWU5,1,0,-1
sp|P41743|KPCI_HUMAN,P41743,1,0,-1
sp|O00592|PODXL_HUMAN,O00592,1,0,-1
sp|O60499|STX10_HUMAN,O60499,1,0,-1
sp|Q9GZQ3|COMD5_HUMAN,Q9GZQ3,1,0,-1
sp|Q02252|MMSA_HUMAN,Q02252,1,0,-1
sp|Q53GS7|GLE1_HUMAN,Q53GS7,1,0,-1
sp|P12277|KCRB_HUMAN,P12277,1,0,-1
sp|Q9NXU5|ARL15_HUMAN,Q9NXU5,1,0,-1
sp|P29350|PTN6_HUMAN,P29350,1,0,-1
sp|Q9UHL4|DPP2_HUMAN,Q9UHL4,1,2,1
sp|P40937|RFC5_HUMAN,P40937,1,0,-1
sp|Q7Z6K3|PTAR1_HUMAN,Q7Z6K3,1,0,-1
sp|Q12802|AKP13_HUMAN,Q12802,1,0,-1
sp|Q9BYM8|HOIL1_HUMAN,Q9BYM8,1,0,-1
sp|Q9H6V9|LDAH_HUMAN,Q9H6V9,1,0,-1
sp|O14653|GOSR2_HUMAN,O14653,1,0,-1
sp|O95260|ATE1_HUMAN,O95260,1,0,-1
sp|Q86WB0|ZC3C1_HUMAN,Q86WB0,1,0,-1
sp|Q9Y2I9|TBC30_HUMAN,Q9Y2I9,1,0,-1
sp|Q86U38|NOP9_HUMAN,Q86U38,1,0,-1
sp|Q9BTY2|FUCO2_HUMAN,Q9BTY2,1,0,-1
sp|O95163|ELP1_HUMAN,O95163,1,0,-1
sp|Q8N5R6|CCD33_HUMAN,Q8N5R6,1,0,-1
sp|O75414|NDK6_HUMAN,O75414,1,0,-1
sp|Q16611|BAK_HUMAN,Q16611,1,0,-1
sp|Q8NBL1|PGLT1_HUMAN,Q8NBL1,1,0,-1
sp|Q8IWB7|WDFY1_HUMAN,Q8IWB7,1,0,-1
sp|O75865|TPC6A_HUMAN,O75865,1,0,-1
sp|P08174|DAF_HUMAN,P08174,1,0,-1
sp|Q9UGT4|SUSD2_HUMAN,Q9UGT4,1,0,-1
sp|Q96QR8|PURB_HUMAN,Q96QR8,1,2,1
sp|Q6UW78|UQCC3_HUMAN,Q6UW78,1,0,-1
sp|Q5BJH7|YIF1B_HUMAN,Q5BJH7,1,0,-1
sp|Q9Y3C4|TPRKB_HUMAN,Q9Y3C4,1,0,-1
sp|Q5JS54|PSMG4_HUMAN,Q5JS54,1,0,-1
sp|Q9GZP4|PITH1_HUMAN,Q9GZP4,1,0,-1
sp|A6NED2|RCCD1_HUMAN,A6NED2,1,0,-1
sp|Q7Z6G8|ANS1B_HUMAN,Q7Z6G8,1,0,-1
sp|P17706|PTN2_HUMAN,P17706,1,0,-1
sp|Q99569|PKP4_HUMAN,Q99569,1,0,-1
sp|Q9BUE0|MED18_HUMAN,Q9BUE0,1,0,-1
sp|Q96EK9|KTI12_HUMAN,Q96EK9,1,0,-1
sp|Q9UBU9|NXF1_HUMAN,Q9UBU9,1,2,1
sp|Q9BQC6|RT63_HUMAN,Q9BQC6,1,0,-1
sp|Q5HYI7|MTX3_HUMAN,Q5HYI7,1,0,-1
sp|Q9NP90|RAB9B_HUMAN,Q9NP90,1,0,-1
sp|O96007|MOC2B_HUMAN,O96007,1,0,-1
sp|P05161|ISG15_HUMAN,P05161,1,0,-1
sp|Q6P9B6|MEAK7_HUMAN,Q6P9B6,1,0,-1
sp|Q9NWA0|MED9_HUMAN,Q9NWA0,1,0,-1
sp|Q9Y261|FOXA2_HUMAN,Q9Y261,1,0,-1
sp|P47224|MSS4_HUMAN,P47224,1,2,1
sp|P08240|SRPRA_HUMAN,P08240,1,0,-1
sp|P51511|MMP15_HUMAN,P51511,1,0,-1
sp|P51809|VAMP7_HUMAN,P51809,1,0,-1
sp|Q7Z408|CSMD2_HUMAN,Q7Z408,1,0,-1
sp|Q63ZY3|KANK2_HUMAN,Q63ZY3,1,0,-1
sp|Q9UKX3|MYH13_HUMAN,Q9UKX3,1,0,-1
sp|P11274|BCR_HUMAN,P11274,1,0,-1
sp|Q8WV74|NUDT8_HUMAN,Q8WV74,1,0,-1
sp|Q9Y3S2|ZN330_HUMAN,Q9Y3S2,1,0,-1
sp|A6NHX0|CAST2_HUMAN,A6NHX0,1,0,-1
sp|Q8N7H5|PAF1_HUMAN,Q8N7H5,1,0,-1
sp|O43719|HTSF1_HUMAN,O43719,1,2,1
sp|P19438|TNR1A_HUMAN,P19438,1,0,-1
sp|Q9NPJ8|NXT2_HUMAN,Q9NPJ8,1,0,-1
sp|Q4V339|ZNG1F_HUMAN,Q4V339,1,0,-1
sp|Q6NW29|RWDD4_HUMAN,Q6NW29,1,0,-1
sp|P56181|NDUV3_HUMAN,P56181,1,0,-1
sp|Q14694|UBP10_HUMAN,Q14694,1,0,-1
sp|O43172|PRP4_HUMAN,O43172,1,0,-1
sp|Q86VN1|VPS36_HUMAN,Q86VN1,1,0,-1
sp|Q6ZSR9|YJ005_HUMAN,Q6ZSR9,1,0,-1
sp|O95167|NDUA3_HUMAN,O95167,1,2,1
sp|Q8TEW0|PARD3_HUMAN,Q8TEW0,1,0,-1
sp|Q6YP21|KAT3_HUMAN,Q6YP21,1,0,-1
sp|O75909|CCNK_HUMAN,O75909,1,0,-1
sp|Q9ULF5|S39AA_HUMAN,Q9ULF5,1,0,-1
sp|Q10472|GALT1_HUMAN,Q10472,1,0,-1
sp|Q9NWU2|GID8_HUMAN,Q9NWU2,1,0,-1
sp|O43301|HS12A_HUMAN,O43301,1,0,-1
sp|Q9BUN8|DERL1_HUMAN,Q9BUN8,1,0,-1
sp|O95671|ASML_HUMAN,O95671,1,0,-1
sp|Q06547|GABP1_HUMAN,Q06547,1,0,-1
sp|Q8NFF5|FAD1_HUMAN,Q8NFF5,1,0,-1
sp|P78537|BL1S1_HUMAN,P78537,1,0,-1
sp|Q6ZMI0|PPR21_HUMAN,Q6ZMI0,1,0,-1
sp|Q9Y3Z3|SAMH1_HUMAN,Q9Y3Z3,1,0,-1
sp|Q9HAB8|PPCS_HUMAN,Q9HAB8,1,0,-1
sp|P54802|ANAG_HUMAN,P54802,1,0,-1
sp|Q9P2R6|RERE_HUMAN,Q9P2R6,1,0,-1
sp|Q3YEC7|RABL6_HUMAN,Q3YEC7,1,0,-1
sp|Q96QE2|MYCT_HUMAN,Q96QE2,1,0,-1
sp|Q9UL63|MKLN1_HUMAN,Q9UL63,1,0,-1
sp|Q8N5L8|RP25L_HUMAN,Q8N5L8,1,2,1
sp|Q9UHQ4|BAP29_HUMAN,Q9UHQ4,1,0,-1
sp|Q86U86|PB1_HUMAN,Q86U86,1,0,-1
sp|Q9HCU5|PREB_HUMAN,Q9HCU5,1,2,1
sp|P23610|HAP40_HUMAN,P23610,1,0,-1
sp|O00214|LEG8_HUMAN,O00214,1,0,-1
sp|Q9NW68|BSDC1_HUMAN,Q9NW68,1,0,-1
sp|Q7L4I2|RSRC2_HUMAN,Q7L4I2,1,0,-1
sp|Q15006|EMC2_HUMAN,Q15006,1,2,1
sp|Q8N271|PROM2_HUMAN,Q8N271,1,0,-1
sp|Q9NQH7|XPP3_HUMAN,Q9NQH7,1,0,-1
sp|Q96BM9|ARL8A_HUMAN,Q96BM9,1,0,-1
sp|Q9NRY4|RHG35_HUMAN,Q9NRY4,1,0,-1
sp|Q92633|LPAR1_HUMAN,Q92633,1,0,-1
sp|Q99963|SH3G3_HUMAN,Q99963,1,0,-1
sp|Q02487|DSC2_HUMAN,Q02487,1,0,-1
sp|O60308|CE104_HUMAN,O60308,1,0,-1
sp|Q96NG5|ZN558_HUMAN,Q96NG5,1,0,-1
sp|Q9UPN6|SCAF8_HUMAN,Q9UPN6,1,0,-1
sp|O95399|UTS2_HUMAN,O95399,1,0,-1
sp|P83876|TXN4A_HUMAN,P83876,1,0,-1
sp|O43708|MAAI_HUMAN,O43708,1,0,-1
sp|Q9HC84|MUC5B_HUMAN,Q9HC84,1,0,-1
sp|P0CAP2|GRL1A_HUMAN,P0CAP2,1,0,-1
sp|O75694|NU155_HUMAN,O75694,1,0,-1
sp|O15498|YKT6_HUMAN,O15498,1,0,-1
sp|O60637|TSN3_HUMAN,O60637,1,0,-1
sp|Q96BY9|SARAF_HUMAN,Q96BY9,1,0,-1
sp|Q9UMS6|SYNP2_HUMAN,Q9UMS6,1,0,-1
sp|P28065|PSB9_HUMAN,P28065,1,0,-1
sp|Q9ULX6|AKP8L_HUMAN,Q9ULX6,1,0,-1
sp|O15116|LSM1_HUMAN,O15116,1,0,-1
sp|Q14554|PDIA5_HUMAN,Q14554,1,0,-1
sp|Q5VT79|AXA81_HUMAN,Q5VT79,1,0,-1
sp|P56945|BCAR1_HUMAN,P56945,1,0,-1
sp|Q9BVC5|ASHWN_HUMAN,Q9BVC5,1,0,-1
sp|Q9NZE8|RM35_HUMAN,Q9NZE8,1,0,-1
sp|Q8WZ73|RFFL_HUMAN,Q8WZ73,1,0,-1
sp|Q8TF61|FBX41_HUMAN,Q8TF61,1,0,-1
sp|Q71SY5|MED25_HUMAN,Q71SY5,1,0,-1
sp|Q7Z6I8|CE024_HUMAN,Q7Z6I8,1,0,-1
sp|Q9NYB5|SO1C1_HUMAN,Q9NYB5,1,0,-1
sp|O43660|PLRG1_HUMAN,O43660,1,0,-1
sp|O94913|PCF11_HUMAN,O94913,1,0,-1
sp|O43318|M3K7_HUMAN,O43318,1,0,-1
sp|Q9Y2T3|GUAD_HUMAN,Q9Y2T3,1,0,-1
sp|Q6RW13|ATRAP_HUMAN,Q6RW13,1,0,-1
sp|P25205|MCM3_HUMAN,P25205,1,0,-1
sp|Q9H306|MMP27_HUMAN,Q9H306,1,0,-1
sp|A0A0U1RRL7|MMPOS_HUMAN,A0A0U1RRL7,1,0,-1
sp|Q9NXG6|P4HTM_HUMAN,Q9NXG6,1,0,-1
sp|P49221|TGM4_HUMAN,P49221,1,0,-1
sp|Q9P1Y5|CAMP3_HUMAN,Q9P1Y5,1,0,-1
sp|P62341|SELT_HUMAN,P62341,1,0,-1
sp|Q8IW45|NNRD_HUMAN,Q8IW45,1,0,-1
sp|Q96G21|IMP4_HUMAN,Q96G21,1,0,-1
sp|P45983|MK08_HUMAN,P45983,1,0,-1
sp|O00566|MPP10_HUMAN,O00566,0,1,1
sp|O43464-2|HTRA2_HUMAN,O43464-2,0,1,1
sp|O43493-2|TGON2_HUMAN,O43493-2,0,1,1
sp|O43815-2|STRN_HUMAN,O43815-2,0,1,1
sp|O60488-2|ACSL4_HUMAN,O60488-2,0,1,1
sp|O60879-2|DIAP2_HUMAN,O60879-2,0,1,1
sp|O75251-2|NDUS7_HUMAN,O75251-2,0,1,1
sp|O75891-2|AL1L1_HUMAN,O75891-2,0,1,1
sp|O75940|SPF30_HUMAN,O75940,0,1,1
sp|O95470|SGPL1_HUMAN,O95470,0,1,1
sp|O95777|LSM8_HUMAN,O95777,0,1,1
sp|P04264|K2C1_HUMAN,P04264,0,1,1
sp|P06748-3|NPM_HUMAN,P06748-3,0,1,1
sp|P23258|TBG1_HUMAN,P23258,0,1,1
sp|P23378|GCSP_HUMAN,P23378,0,1,1
sp|P42785-2|PCP_HUMAN,P42785-2,0,1,1
sp|P49916-2|DNLI3_HUMAN,P49916-2,0,1,1
sp|Q13107-2|UBP4_HUMAN,Q13107-2,0,1,1
sp|Q15154-2|PCM1_HUMAN,Q15154-2,0,1,1
sp|Q15477|SKIV2_HUMAN,Q15477,0,1,1
sp|Q5RI15-2|COX20_HUMAN,Q5RI15-2,0,1,1
sp|Q6PGP7|TTC37_HUMAN,Q6PGP7,0,1,1
sp|Q6ZVK8-2|NUD18_HUMAN,Q6ZVK8-2,0,1,1
sp|Q7L5D6-2|GET4_HUMAN,Q7L5D6-2,0,1,1
sp|Q7Z3J3|RGPD4_HUMAN,Q7Z3J3,0,1,1
sp|Q8NFV4-4|ABHDB_HUMAN,Q8NFV4-4,0,1,1
sp|Q8WWV3-3|RT4I1_HUMAN,Q8WWV3-3,0,1,1
sp|Q92522|H1X_HUMAN,Q92522,0,1,1
sp|Q92621|NU205_HUMAN,Q92621,0,1,1
sp|Q93062-2|RBPMS_HUMAN,Q93062-2,0,1,1
sp|Q96CM8-2|ACSF2_HUMAN,Q96CM8-2,0,1,1
sp|Q96E29-2|MTEF3_HUMAN,Q96E29-2,0,1,1
sp|Q96JJ3-3|ELMO2_HUMAN,Q96JJ3-3,0,1,1
sp|Q96Q11-2|TRNT1_HUMAN,Q96Q11-2,0,1,1
sp|Q9BV79|MECR_HUMAN,Q9BV79,0,1,1
sp|Q9BVJ6-3|UT14A_HUMAN,Q9BVJ6-3,0,1,1
sp|Q9H9C1-2|SPE39_HUMAN,Q9H9C1-2,0,1,1
sp|Q9NW13-2|RBM28_HUMAN,Q9NW13-2,0,1,1
sp|Q9P032|NDUF4_HUMAN,Q9P032,0,1,1
sp|Q9UL15-2|BAG5_HUMAN,Q9UL15-2,0,1,1
sp|Q9ULU4-10|PKCB1_HUMAN,Q9ULU4-10,0,1,1
sp|Q9UMY1-2|NOL7_HUMAN,Q9UMY1-2,0,1,1
sp|Q9Y296-2|TPPC4_HUMAN,Q9Y296-2,0,1,1
sp|Q9Y613|FHOD1_HUMAN,Q9Y613,0,1,1
sp|Q9Y679|AUP1_HUMAN,Q9Y679,0,1,1
sp|A6NNZ2|TBB8L_HUMAN,A6NNZ2,0,1,1
sp|O43399-2|TPD54_HUMAN,O43399-2,0,1,1
sp|O94763-2|RMP_HUMAN,O94763-2,0,1,1
sp|P05413|FABPH_HUMAN,P05413,0,1,1
sp|P15531-2|NDKA_HUMAN,P15531-2,0,1,1
sp|P18846-2|ATF1_HUMAN,P18846-2,0,1,1
sp|P27707|DCK_HUMAN,P27707,0,1,1
sp|P39060-1|COIA1_HUMAN,P39060-1,0,1,1
sp|P54803-3|GALC_HUMAN,P54803-3,0,1,1
sp|P61966|AP1S1_HUMAN,P61966,0,1,1
sp|P61978-3|HNRPK_HUMAN,P61978-3,0,1,1
sp|P62633-2|CNBP_HUMAN,P62633-2,0,1,1
sp|P62834|RAP1A_HUMAN,P62834,0,1,1
sp|P78537-2|BL1S1_HUMAN,P78537-2,0,1,1
sp|Q12788|TBL3_HUMAN,Q12788,0,1,1
sp|Q14669-2|TRIPC_HUMAN,Q14669-2,0,1,1
sp|Q147X3-2|NAA30_HUMAN,Q147X3-2,0,1,1
sp|Q14839-2|CHD4_HUMAN,Q14839-2,0,1,1
sp|Q4KMP7|TB10B_HUMAN,Q4KMP7,0,1,1
sp|Q53FV1|ORML2_HUMAN,Q53FV1,0,1,1
sp|Q5TEU4-2|NDUF5_HUMAN,Q5TEU4-2,0,1,1
sp|Q8N3V7-2|SYNPO_HUMAN,Q8N3V7-2,0,1,1
sp|Q8N7H5-2|PAF1_HUMAN,Q8N7H5-2,0,1,1
sp|Q8TBX8-2|PI42C_HUMAN,Q8TBX8-2,0,1,1
sp|Q92575|UBXN4_HUMAN,Q92575,0,1,1
sp|Q969M3-3|YIPF5_HUMAN,Q969M3-3,0,1,1
sp|Q96LW7-2|CAR19_HUMAN,Q96LW7-2,0,1,1
sp|Q96RQ1|ERGI2_HUMAN,Q96RQ1,0,1,1
sp|Q99643-3|C560_HUMAN,Q99643-3,0,1,1
sp|Q9BTV4|TMM43_HUMAN,Q9BTV4,0,1,1
sp|Q9NUQ6-2|SPS2L_HUMAN,Q9NUQ6-2,0,1,1
sp|Q9UKG1|DP13A_HUMAN,Q9UKG1,0,1,1
tr|F8VZX2|F8VZX2_HUMAN,F8VZX2,0,1,1
tr|H3BN98|H3BN98_HUMAN,H3BN98,0,1,1
tr|H3BRK3|H3BRK3_HUMAN,H3BRK3,0,1,1
tr|Q5TEC6|Q5TEC6_HUMAN,Q5TEC6,0,1,1
sp|P14859-2|PO2F1_HUMAN,P14859-2,0,1,1
sp|P33552|CKS2_HUMAN,P33552,0,1,1
sp|Q69YN2-3|C19L1_HUMAN,Q69YN2-3,0,1,1
sp|Q8WWI5-2|CTL1_HUMAN,Q8WWI5-2,0,1,1
sp|Q96F63|CCD97_HUMAN,Q96F63,0,1,1
sp|Q96SU4-2|OSBL9_HUMAN,Q96SU4-2,0,1,1
sp|Q9BYC8|RM32_HUMAN,Q9BYC8,0,1,1
sp|Q9UMZ2-3|SYNRG_HUMAN,Q9UMZ2-3,0,1,1
sp|O14617-2|AP3D1_HUMAN,O14617-2,0,1,1
sp|P17096-2|HMGA1_HUMAN,P17096-2,0,1,1
sp|Q14161-10|GIT2_HUMAN,Q14161-10,0,1,1
sp|Q14493-2|SLBP_HUMAN,Q14493-2,0,1,1
sp|Q92925-2|SMRD2_HUMAN,Q92925-2,0,1,1
sp|Q9BTC8-2|MTA3_HUMAN,Q9BTC8-2,0,1,1
sp|Q9P289|STK26_HUMAN,Q9P289,0,1,1
sp|Q9UI12-2|VATH_HUMAN,Q9UI12-2,0,1,1
tr|A0A0A0MR33|A0A0A0MR33_HUMAN,A0A0A0MR33,0,1,1
sp|O14556|G3PT_HUMAN,O14556,0,1,1
sp|P51151|RAB9A_HUMAN,P51151,0,1,1
sp|P53680-2|AP2S1_HUMAN,P53680-2,0,1,1
sp|Q08722-2|CD47_HUMAN,Q08722-2,0,1,1
sp|Q5M775-2|CYTSB_HUMAN,Q5M775-2,0,1,1
sp|Q6PJG6|BRAT1_HUMAN,Q6PJG6,0,1,1
sp|Q99848|EBP2_HUMAN,Q99848,0,1,1
sp|P12235|ADT1_HUMAN,P12235,0,1,1
sp|P22694-2|KAPCB_HUMAN,P22694-2,0,1,1
sp|Q96GM5-2|SMRD1_HUMAN,Q96GM5-2,0,1,1
sp|O60907-2|TBL1X_HUMAN,O60907-2,0,1,1
sp|O95671-2|ASML_HUMAN,O95671-2,0,1,1
sp|P42167-2|LAP2B_HUMAN,P42167-2,0,1,1
sp|Q15149-8|PLEC_HUMAN,Q15149-8,0,1,1
sp|Q7KZI7-10|MARK2_HUMAN,Q7KZI7-10,0,1,1
sp|O00754-2|MA2B1_HUMAN,O00754-2,0,1,1
sp|O95864-3|FADS2_HUMAN,O95864-3,0,1,1
sp|Q15054-2|DPOD3_HUMAN,Q15054-2,0,1,1
sp|Q9H4A5|GLP3L_HUMAN,Q9H4A5,0,1,1
sp|Q9UKN8|TF3C4_HUMAN,Q9UKN8,0,1,1
sp|Q9Y5A7-2|NUB1_HUMAN,Q9Y5A7-2,0,1,1
sp|P62070-4|RRAS2_HUMAN,P62070-4,0,1,1
sp|Q15025-2|TNIP1_HUMAN,Q15025-2,0,1,1
sp|Q5T5P2-3|SKT_HUMAN,Q5T5P2-3,0,1,1
sp|O75886|STAM2_HUMAN,O75886,0,1,1
sp|P40189-2|IL6RB_HUMAN,P40189-2,0,1,1
sp|Q9BZL4-2|PP12C_HUMAN,Q9BZL4-2,0,1,1
sp|Q86YP4-2|P66A_HUMAN,Q86YP4-2,0,1,1
sp|Q6BDS2|URFB1_HUMAN,Q6BDS2,0,1,1
sp|P41214-2|EIF2D_HUMAN,P41214-2,0,1,1
tr|E9PL57|E9PL57_HUMAN,E9PL57,0,1,1
sp|P25440-2|BRD2_HUMAN,P25440-2,0,1,1
sp|Q5VT25-2|MRCKA_HUMAN,Q5VT25-2,0,1,1
sp|Q9NSK0-3|KLC4_HUMAN,Q9NSK0-3,0,1,1
sp|O76041-2|NEBL_HUMAN,O76041-2,0,1,1
sp|Q8N3D4|EH1L1_HUMAN,Q8N3D4,0,1,1
sp|Q9UNP9-2|PPIE_HUMAN,Q9UNP9-2,0,1,1
sp|P60510|PP4C_HUMAN,P60510,0,1,1
sp|P50148|GNAQ_HUMAN,P50148,0,1,1
sp|Q13620-1|CUL4B_HUMAN,Q13620-1,0,1,1
sp|Q86SE5-3|RALYL_HUMAN,Q86SE5-3,0,1,1
sp|P02545-2|LMNA_HUMAN,P02545-2,0,1,1
sp|P29692-3|EF1D_HUMAN,P29692-3,0,1,1
sp|P20810-5|ICAL_HUMAN,P20810-5,0,1,1
sp|Q9Y5K5-2|UCHL5_HUMAN,Q9Y5K5-2,0,1,1
sp|Q99627-2|CSN8_HUMAN,Q99627-2,0,1,1
sp|Q5BJD5-2|TM41B_HUMAN,Q5BJD5-2,0,1,1
sp|Q9BW91-2|NUDT9_HUMAN,Q9BW91-2,0,1,1
sp|Q9NUM3-2|S39A9_HUMAN,Q9NUM3-2,0,1,1
sp|Q9Y6Q9-2|NCOA3_HUMAN,Q9Y6Q9-2,0,1,1
sp|P47974|TISD_HUMAN,P47974,0,1,1
sp|Q8N490-2|PNKD_HUMAN,Q8N490-2,0,1,1
sp|Q9Y666|S12A7_HUMAN,Q9Y666,0,1,1
sp|A6NDY0-2|EPAB2_HUMAN,A6NDY0-2,0,1,1
sp|O95466-2|FMNL1_HUMAN,O95466-2,0,1,1
sp|Q9NWV8-3|BABA1_HUMAN,Q9NWV8-3,0,1,1
sp|O14893-2|GEMI2_HUMAN,O14893-2,0,1,1
sp|O60573-2|IF4E2_HUMAN,O60573-2,0,1,1
sp|Q96N66-2|MBOA7_HUMAN,Q96N66-2,0,1,1
sp|Q9H3K2|GHITM_HUMAN,Q9H3K2,0,1,1
sp|Q8IZL8|PELP1_HUMAN,Q8IZL8,0,1,1
sp|Q96S44|PRPK_HUMAN,Q96S44,0,1,1
sp|Q9NX14-2|NDUBB_HUMAN,Q9NX14-2,0,1,1
sp|Q9NWW5-2|CLN6_HUMAN,Q9NWW5-2,0,1,1
sp|Q9H3Q1-2|BORG4_HUMAN,Q9H3Q1-2,0,1,1
sp|P62891|RL39_HUMAN,P62891,0,1,1
sp|Q15653-2|IKBB_HUMAN,Q15653-2,0,1,1
sp|O60547-2|GMDS_HUMAN,O60547-2,0,1,1
sp|O60784-2|TOM1_HUMAN,O60784-2,0,1,1
sp|P48723|HSP13_HUMAN,P48723,0,1,1
sp|Q96HR9-2|REEP6_HUMAN,Q96HR9-2,0,1,1
sp|Q9H5X1-2|CIA2A_HUMAN,Q9H5X1-2,0,1,1
sp|Q14657|LAGE3_HUMAN,Q14657,0,1,1
sp|Q6P2C8-2|MED27_HUMAN,Q6P2C8-2,0,1,1
sp|Q9BQB6-2|VKOR1_HUMAN,Q9BQB6-2,0,1,1
sp|Q9BZJ0-2|CRNL1_HUMAN,Q9BZJ0-2,0,1,1
sp|Q9UNQ2|DIM1_HUMAN,Q9UNQ2,0,1,1
sp|Q71RG4-2|TMUB2_HUMAN,Q71RG4-2,0,1,1
sp|P84157-2|MXRA7_HUMAN,P84157-2,0,1,1
sp|Q96HQ2-2|C2AIL_HUMAN,Q96HQ2-2,0,1,1
sp|Q9BXY0|MAK16_HUMAN,Q9BXY0,0,1,1
sp|Q96D46|NMD3_HUMAN,Q96D46,0,1,1
sp|Q96JB2-2|COG3_HUMAN,Q96JB2-2,0,1,1
sp|Q8N983-2|RM43_HUMAN,Q8N983-2,0,1,1
sp|O43805|SSNA1_HUMAN,O43805,0,1,1
sp|P28288|ABCD3_HUMAN,P28288,0,1,1
sp|P0CAP2-2|GRL1A_HUMAN,P0CAP2-2,0,1,1
sp|Q6UX04-2|CWC27_HUMAN,Q6UX04-2,0,1,1
sp|L0R8F8|MIDUO_HUMAN,L0R8F8,0,1,1
sp|P04004|VTNC_HUMAN,P04004,0,1,1
sp|Q9NZ09-2|UBAP1_HUMAN,Q9NZ09-2,0,1,1
sp|Q03405-2|UPAR_HUMAN,Q03405-2,0,1,1
sp|Q96PE7|MCEE_HUMAN,Q96PE7,0,1,1
sp|Q9NSK7-2|CS012_HUMAN,Q9NSK7-2,0,1,1
sp|O43716|GATC_HUMAN,O43716,0,1,1
sp|Q9UNN5-2|FAF1_HUMAN,Q9UNN5-2,0,1,1
sp|O60232|SSA27_HUMAN,O60232,0,1,1
sp|Q14012|KCC1A_HUMAN,Q14012,0,1,1
sp|Q7Z3U7-2|MON2_HUMAN,Q7Z3U7-2,0,1,1
sp|O60499-2|STX10_HUMAN,O60499-2,0,1,1
sp|Q96QD8|S38A2_HUMAN,Q96QD8,0,1,1
sp|Q9BRR6-2|ADPGK_HUMAN,Q9BRR6-2,0,1,1
sp|Q96FX7|TRM61_HUMAN,Q96FX7,0,1,1
sp|Q9UHI6|DDX20_HUMAN,Q9UHI6,0,1,1
sp|O60927|PP1RB_HUMAN,O60927,0,1,1
sp|Q96B36-2|AKTS1_HUMAN,Q96B36-2,0,1,1
sp|Q9NPI6-2|DCP1A_HUMAN,Q9NPI6-2,0,1,1
sp|Q9BU76-2|MMTA2_HUMAN,Q9BU76-2,0,1,1
sp|Q9H900-2|ZWILC_HUMAN,Q9H900-2,0,1,1
sp|Q08623-2|HDHD1_HUMAN,Q08623-2,0,1,1
sp|O14653-2|GOSR2_HUMAN,O14653-2,0,1,1
sp|Q15814|TBCC_HUMAN,Q15814,0,1,1
sp|Q86U38-2|NOP9_HUMAN,Q86U38-2,0,1,1
sp|O75027-2|ABCB7_HUMAN,O75027-2,0,1,1
sp|Q8N131-2|PORIM_HUMAN,Q8N131-2,0,1,1
sp|Q9Y221-2|NIP7_HUMAN,Q9Y221-2,0,1,1
sp|O75864|PPR37_HUMAN,O75864,0,1,1
sp|Q86Y82|STX12_HUMAN,Q86Y82,0,1,1
sp|Q9HCE7-2|SMUF1_HUMAN,Q9HCE7-2,0,1,1
sp|Q99805|TM9S2_HUMAN,Q99805,0,1,1
sp|Q13542|4EBP2_HUMAN,Q13542,0,1,1
sp|P56182|RRP1_HUMAN,P56182,0,1,1
sp|Q9BW92-2|SYTM_HUMAN,Q9BW92-2,0,1,1
sp|O60888-2|CUTA_HUMAN,O60888-2,0,1,1
sp|Q9BSR8|YIPF4_HUMAN,Q9BSR8,0,1,1
sp|P19838-2|NFKB1_HUMAN,P19838-2,0,1,1
sp|Q9UGH3|S23A2_HUMAN,Q9UGH3,0,1,1
sp|Q8NEZ2-2|VP37A_HUMAN,Q8NEZ2-2,0,1,1
sp|Q9BY42|RTF2_HUMAN,Q9BY42,0,1,1
sp|Q9Y5P4-2|C43BP_HUMAN,Q9Y5P4-2,0,1,1
sp|P13473-2|LAMP2_HUMAN,P13473-2,0,1,1
sp|P17676-2|CEBPB_HUMAN,P17676-2,0,1,1
sp|Q99595|TI17A_HUMAN,Q99595,0,1,1
sp|Q9BRA0-2|LSMD1_HUMAN,Q9BRA0-2,0,1,1
sp|Q9H2M9|RBGPR_HUMAN,Q9H2M9,0,1,1
sp|P30876|RPB2_HUMAN,P30876,0,1,1
sp|Q15526-2|SURF1_HUMAN,Q15526-2,0,1,1
sp|P15336-3|ATF2_HUMAN,P15336-3,0,1,1
sp|O00488|ZN593_HUMAN,O00488,0,1,1
sp|Q13426-2|XRCC4_HUMAN,Q13426-2,0,1,1
sp|Q86VN1-2|VPS36_HUMAN,Q86VN1-2,0,1,1
sp|Q9BVW5|TIPIN_HUMAN,Q9BVW5,0,1,1
sp|Q5BKU9|OXLD1_HUMAN,Q5BKU9,0,1,1
sp|Q99447-2|PCY2_HUMAN,Q99447-2,0,1,1
sp|Q8WUW1-2|BRK1_HUMAN,Q8WUW1-2,0,1,1
sp|Q9HD42|CHM1A_HUMAN,Q9HD42,0,1,1
sp|Q9H7B2|RPF2_HUMAN,Q9H7B2,0,1,1
sp|Q15120-2|PDK3_HUMAN,Q15120-2,0,1,1
sp|Q08431-2|MFGM_HUMAN,Q08431-2,0,1,1
sp|Q8TAG9|EXOC6_HUMAN,Q8TAG9,0,1,1
sp|Q6NXE6-2|ARMC6_HUMAN,Q6NXE6-2,0,1,1
sp|P61964|WDR5_HUMAN,P61964,0,1,1
sp|Q9UHQ9|NB5R1_HUMAN,Q9UHQ9,0,1,1
sp|Q9Y5Q8-2|TF3C5_HUMAN,Q9Y5Q8-2,0,1,1
sp|Q8WXE9-3|STON2_HUMAN,Q8WXE9-3,0,1,1
sp|Q9BRT6|LLPH_HUMAN,Q9BRT6,0,1,1
sp|Q9Y5U9|IR3IP_HUMAN,Q9Y5U9,0,1,1
sp|Q15527|SURF2_HUMAN,Q15527,0,1,1
sp|Q9H9P8-2|L2HDH_HUMAN,Q9H9P8-2,0,1,1
sp|Q9Y2X3|NOP58_HUMAN,Q9Y2X3,0,1,1
sp|Q14919-2|NC2A_HUMAN,Q14919-2,0,1,1
sp|Q7Z2K6-2|ERMP1_HUMAN,Q7Z2K6-2,0,1,1
sp|Q8N2G8-2|GHDC_HUMAN,Q8N2G8-2,0,1,1
sp|Q14596-2|NBR1_HUMAN,Q14596-2,0,1,1
sp|Q8IVL0-2|NAV3_HUMAN,Q8IVL0-2,0,1,1
sp|Q15397|PUM3_HUMAN,Q15397,0,1,1
sp|Q13901|C1D_HUMAN,Q13901,0,1,1
sp|P78345|RPP38_HUMAN,P78345,0,1,1
sp|Q86VU5|CMTD1_HUMAN,Q86VU5,0,1,1
sp|Q8IY57-3|YAF2_HUMAN,Q8IY57-3,0,1,1
sp|Q8TB36-2|GDAP1_HUMAN,Q8TB36-2,0,1,1
sp|Q96IJ6-2|GMPPA_HUMAN,Q96IJ6-2,0,1,1
sp|P04156|PRIO_HUMAN,P04156,0,1,1
sp|P08069|IGF1R_HUMAN,P08069,0,1,1
sp|Q9Y3T9|NOC2L_HUMAN,Q9Y3T9,0,1,1
sp|Q969E2-2|SCAM4_HUMAN,Q969E2-2,0,1,1
sp|Q969S9-2|RRF2M_HUMAN,Q969S9-2,0,1,1
sp|Q5VUM1|SDHF4_HUMAN,Q5VUM1,0,1,1
sp|Q9Y6A4|CFA20_HUMAN,Q9Y6A4,0,1,1
sp|Q8N8A6|DDX51_HUMAN,Q8N8A6,0,1,1
sp|P09038-1|FGF2_HUMAN,P09038-1,0,1,1
sp|O60762|DPM1_HUMAN,O60762,0,1,1
sp|O75865-2|TPC6A_HUMAN,O75865-2,0,1,1
sp|Q99757|THIOM_HUMAN,Q99757,0,1,1
sp|P11182|ODB2_HUMAN,P11182,0,1,1
sp|Q9Y6G5|COMDA_HUMAN,Q9Y6G5,0,1,1
sp|Q8TB96|TIP_HUMAN,Q8TB96,0,1,1
sp|Q8TDH9-2|BL1S5_HUMAN,Q8TDH9-2,0,1,1
sp|Q8WVC0-2|LEO1_HUMAN,Q8WVC0-2,0,1,1
sp|Q9H267-2|VP33B_HUMAN,Q9H267-2,0,1,1
sp|Q4G0N4-3|NAKD2_HUMAN,Q4G0N4-3,0,1,1
sp|Q6EEV4-2|GL1AD_HUMAN,Q6EEV4-2,0,1,1
sp|Q9H1E5|TMX4_HUMAN,Q9H1E5,0,1,1
sp|Q9H0V9-2|LMA2L_HUMAN,Q9H0V9-2,0,1,1
sp|O60637-2|TSN3_HUMAN,O60637-2,0,1,1
sp|Q9BZI7-2|REN3B_HUMAN,Q9BZI7-2,0,1,1
sp|P52655-2|TF2AA_HUMAN,P52655-2,0,1,1
sp|Q9Y3C4-3|TPRKB_HUMAN,Q9Y3C4-3,0,1,1
sp|Q16288-2|NTRK3_HUMAN,Q16288-2,0,1,1
sp|P46934-2|NEDD4_HUMAN,P46934-2,0,1,1
sp|Q9Y3D3-2|RT16_HUMAN,Q9Y3D3-2,0,1,1
sp|O15498-2|YKT6_HUMAN,O15498-2,0,1,1
sp|Q9H479|FN3K_HUMAN,Q9H479,0,1,1
sp|Q96S82|UBL7_HUMAN,Q96S82,0,1,1
sp|P51580|TPMT_HUMAN,P51580,0,1,1
sp|Q00722-2|PLCB2_HUMAN,Q00722-2,0,1,1
sp|O75084|FZD7_HUMAN,O75084,0,1,1
sp|Q14032|BAAT_HUMAN,Q14032,0,1,1
sp|Q9BUB7-3|TMM70_HUMAN,Q9BUB7-3,0,1,1
sp|Q9P1U0|RPA12_HUMAN,Q9P1U0,0,1,1
sp|Q6UW56-3|ARAID_HUMAN,Q6UW56-3,0,1,1
sp|O75146|HIP1R_HUMAN,O75146,0,1,1
sp|Q96CU9-2|FXRD1_HUMAN,Q96CU9-2,0,1,1
sp|P51808|DYLT3_HUMAN,P51808,0,1,1
sp|Q9BW11-4|MAD3_HUMAN,Q9BW11-4,0,1,1
sp|Q8IUI8-2|CRLF3_HUMAN,Q8IUI8-2,0,1,1
sp|Q9NS87-2|KIF15_HUMAN,Q9NS87-2,0,1,1
sp|Q6P444|MTFR2_HUMAN,Q6P444,0,1,1
sp|Q9ULT8|HECD1_HUMAN,Q9ULT8,0,1,1
sp|Q8WUX2|CHAC2_HUMAN,Q8WUX2,0,1,1
sp|Q8IXL7-2|MSRB3_HUMAN,Q8IXL7-2,0,1,1
sp|Q15018|ABRX2_HUMAN,Q15018,0,1,1
sp|Q9BPU6|DPYL5_HUMAN,Q9BPU6,0,1,1
sp|Q86WA6-2|BPHL_HUMAN,Q86WA6-2,0,1,1
sp|Q9NVM6|DJC17_HUMAN,Q9NVM6,0,1,1
sp|P26358-2|DNMT1_HUMAN,P26358-2,0,1,1
sp|O60830-2|TI17B_HUMAN,O60830-2,0,1,1
sp|Q8ND04-2|SMG8_HUMAN,Q8ND04-2,0,1,1
sp|Q8IVS2|FABD_HUMAN,Q8IVS2,0,1,1
sp|Q8ND76-2|CCNY_HUMAN,Q8ND76-2,0,1,1
sp|P36406-2|TRI23_HUMAN,P36406-2,0,1,1
sp|Q8WXE1-2|ATRIP_HUMAN,Q8WXE1-2,0,1,1
sp|Q9H7M9|VISTA_HUMAN,Q9H7M9,0,1,1
sp|P0DI81-3|TPC2A_HUMAN,P0DI81-3,0,1,1
sp|Q8IXI1|MIRO2_HUMAN,Q8IXI1,0,1,1
sp|Q9NWU5-2|RM22_HUMAN,Q9NWU5-2,0,1,1
sp|Q8N9V7|TOPZ1_HUMAN,Q8N9V7,0,1,1
sp|Q13724-2|MOGS_HUMAN,Q13724-2,0,1,1
sp|Q9Y4W2-2|LAS1L_HUMAN,Q9Y4W2-2,0,1,1
sp|Q3ZAQ7|VMA21_HUMAN,Q3ZAQ7,0,1,1
sp|Q9C0H2-2|TTYH3_HUMAN,Q9C0H2-2,0,1,1
sp|Q9UJX2-3|CDC23_HUMAN,Q9UJX2-3,0,1,1
sp|O60645-2|EXOC3_HUMAN,O60645-2,0,1,1
sp|Q6UWP7-2|LCLT1_HUMAN,Q6UWP7-2,0,1,1
sp|P19387|RPB3_HUMAN,P19387,0,1,1
sp|Q96C57|CSTOS_HUMAN,Q96C57,0,1,1
sp|Q92696|PGTA_HUMAN,Q92696,0,1,1
sp|P51965|UB2E1_HUMAN,P51965,0,1,1
sp|Q8N159|NAGS_HUMAN,Q8N159,0,1,1
sp|Q9HAU5-2|RENT2_HUMAN,Q9HAU5-2,0,1,1
sp|Q9BWW7|SCRT1_HUMAN,Q9BWW7,0,1,1
sp|Q96AX1|VP33A_HUMAN,Q96AX1,0,1,1
sp|Q96MT8-2|CEP63_HUMAN,Q96MT8-2,0,1,1
sp|O14559-10|RHG33_HUMAN,O14559-10,0,1,1
sp|Q9Y5K8|VATD_HUMAN,Q9Y5K8,0,1,1
sp|Q96S59-2|RANB9_HUMAN,Q96S59-2,0,1,1
sp|O43251-10|RFOX2_HUMAN,O43251-10,0,1,1
sp|Q9BTE6-2|AASD1_HUMAN,Q9BTE6-2,0,1,1
sp|Q14966-3|ZN638_HUMAN,Q14966-3,0,1,1
sp|P48200|IREB2_HUMAN,P48200,0,1,1
sp|O43741-2|AAKB2_HUMAN,O43741-2,0,1,1
sp|Q8IYU8|MICU2_HUMAN,Q8IYU8,0,1,1
sp|Q9Y5F0|PCDBD_HUMAN,Q9Y5F0,0,1,1
sp|Q96RS6-2|NUDC1_HUMAN,Q96RS6-2,0,1,1
sp|P0C7P0|CISD3_HUMAN,P0C7P0,0,1,1
sp|P21397|AOFA_HUMAN,P21397,0,1,1
sp|Q9H4I9|EMRE_HUMAN,Q9H4I9,0,1,1
sp|Q9NWU1-2|OXSM_HUMAN,Q9NWU1-2,0,1,1
sp|Q13257|MD2L1_HUMAN,Q13257,0,1,1
sp|Q12864|CAD17_HUMAN,Q12864,0,1,1
sp|P82912-2|RT11_HUMAN,P82912-2,0,1,1
sp|Q8TEW0-10|PARD3_HUMAN,Q8TEW0-10,0,1,1
sp|Q587I9|SFT2C_HUMAN,Q587I9,0,1,1
sp|Q8N5R6-2|CCD33_HUMAN,Q8N5R6-2,0,1,1
sp|Q5HYI7-2|MTX3_HUMAN,Q5HYI7-2,0,1,1
sp|Q9Y4C2-2|TCAF1_HUMAN,Q9Y4C2-2,0,1,1
sp|Q9NPJ6-2|MED4_HUMAN,Q9NPJ6-2,0,1,1
sp|Q8WUA8|TSK_HUMAN,Q8WUA8,0,1,1
sp|Q9HBH0-2|RHOF_HUMAN,Q9HBH0-2,0,1,1
sp|Q9H6F5|CCD86_HUMAN,Q9H6F5,0,1,1
sp|Q658Y4|F91A1_HUMAN,Q658Y4,0,1,1
sp|Q9H9G7-2|AGO3_HUMAN,Q9H9G7-2,0,1,1
sp|Q969N2-2|PIGT_HUMAN,Q969N2-2,0,1,1
sp|Q9BYD2|RM09_HUMAN,Q9BYD2,0,1,1
sp|Q8NEF9|SRFB1_HUMAN,Q8NEF9,0,1,1
sp|Q86UW9-2|DTX2_HUMAN,Q86UW9-2,0,1,1
sp|Q9H840|GEMI7_HUMAN,Q9H840,0,1,1
sp|Q6ZVH7-2|ESPNL_HUMAN,Q6ZVH7-2,0,1,1
sp|Q6IA86-2|ELP2_HUMAN,Q6IA86-2,0,1,1
sp|P60002|ELOF1_HUMAN,P60002,0,1,1
sp|O95551-2|TYDP2_HUMAN,O95551-2,0,1,1
sp|P49427|UB2R1_HUMAN,P49427,0,1,1
sp|O60493-2|SNX3_HUMAN,O60493-2,0,1,1
sp|O60493-3|SNX3_HUMAN,O60493-3,0,1,1
sp|O94760-2|DDAH1_HUMAN,O94760-2,0,1,1
sp|P62820-3|RAB1A_HUMAN,P62820-3,0,1,1
sp|Q13362-2|2A5G_HUMAN,Q13362-2,0,1,1
sp|A0A0B4J2A2|PAL4C_HUMAN,A0A0B4J2A2,5,5,0
sp|O00217|NDUS8_HUMAN,O00217,3,3,0
sp|O00232|PSD12_HUMAN,O00232,13,13,0
sp|O00233|PSMD9_HUMAN,O00233,7,7,0
sp|O00401|WASL_HUMAN,O00401,3,3,0
sp|O00487|PSDE_HUMAN,O00487,8,8,0
sp|O00625|PIR_HUMAN,O00625,5,5,0
sp|O14548|COX7R_HUMAN,O14548,6,6,0
sp|O14561|ACPM_HUMAN,O14561,2,2,0
sp|O14562|UBFD1_HUMAN,O14562,3,3,0
sp|O14684|PTGES_HUMAN,O14684,2,2,0
sp|O14745|NHRF1_HUMAN,O14745,10,10,0
sp|O14828|SCAM3_HUMAN,O14828,7,7,0
sp|O15127|SCAM2_HUMAN,O15127,2,2,0
sp|O15212|PFD6_HUMAN,O15212,7,7,0
sp|O43237|DC1L2_HUMAN,O43237,4,4,0
sp|O43324|MCA3_HUMAN,O43324,4,4,0
sp|O43396|TXNL1_HUMAN,O43396,9,9,0
sp|O43583|DENR_HUMAN,O43583,4,4,0
sp|O43678|NDUA2_HUMAN,O43678,4,4,0
sp|O43813|LANC1_HUMAN,O43813,3,3,0
sp|O43819|SCO2_HUMAN,O43819,2,2,0
sp|O43924|PDE6D_HUMAN,O43924,2,2,0
sp|O60220|TIM8A_HUMAN,O60220,2,2,0
sp|O60568|PLOD3_HUMAN,O60568,3,3,0
sp|O60925|PFD1_HUMAN,O60925,4,4,0
sp|O75489|NDUS3_HUMAN,O75489,11,11,0
sp|O75663|TIPRL_HUMAN,O75663,3,3,0
sp|O75828|CBR3_HUMAN,O75828,7,7,0
sp|O75884|RBBP9_HUMAN,O75884,2,2,0
sp|O76003|GLRX3_HUMAN,O76003,16,16,0
sp|O94903|PLPHP_HUMAN,O94903,5,5,0
sp|O95298|NDUC2_HUMAN,O95298,3,3,0
sp|O95376|ARI2_HUMAN,O95376,4,4,0
sp|O95571|ETHE1_HUMAN,O95571,3,3,0
sp|O95630|STABP_HUMAN,O95630,4,4,0
sp|O95721|SNP29_HUMAN,O95721,2,2,0
sp|P01112|RASH_HUMAN,P01112,5,5,0
sp|P04040|CATA_HUMAN,P04040,14,14,0
sp|P05204|HMGN2_HUMAN,P05204,2,2,0
sp|P05387|RLA2_HUMAN,P05387,24,24,0
sp|P06858|LIPL_HUMAN,P06858,1,1,0
sp|P07099|HYEP_HUMAN,P07099,18,18,0
sp|P09132|SRP19_HUMAN,P09132,4,4,0
sp|P09382|LEG1_HUMAN,P09382,39,39,0
sp|P0C0S5|H2AZ_HUMAN,P0C0S5,5,5,0
sp|P0DP23|CALM1_HUMAN,P0DP23,28,28,0
sp|P10109|ADX_HUMAN,P10109,3,3,0
sp|P10599|THIO_HUMAN,P10599,23,23,0
sp|P10809|CH60_HUMAN,P10809,113,113,0
sp|P11441|UBL4A_HUMAN,P11441,4,4,0
sp|P12236|ADT3_HUMAN,P12236,4,4,0
sp|P12694|ODBA_HUMAN,P12694,3,3,0
sp|P12814|ACTN1_HUMAN,P12814,35,35,0
sp|P13489|RINI_HUMAN,P13489,31,31,0
sp|P14625|ENPL_HUMAN,P14625,56,56,0
sp|P14868|SYDC_HUMAN,P14868,22,22,0
sp|P18031|PTN1_HUMAN,P18031,4,4,0
sp|P19623|SPEE_HUMAN,P19623,6,6,0
sp|P22695|QCR2_HUMAN,P22695,18,18,0
sp|P24666|PPAC_HUMAN,P24666,10,10,0
sp|P26006|ITA3_HUMAN,P26006,15,15,0
sp|P26885|FKBP2_HUMAN,P26885,7,7,0
sp|P27105|STOM_HUMAN,P27105,7,7,0
sp|P27797|CALR_HUMAN,P27797,30,30,0
sp|P28907|CD38_HUMAN,P28907,2,2,0
sp|P29317|EPHA2_HUMAN,P29317,5,5,0
sp|P30043|BLVRB_HUMAN,P30043,23,23,0
sp|P30050|RL12_HUMAN,P30050,19,19,0
sp|P30837|AL1B1_HUMAN,P30837,9,9,0
sp|P31949|S10AB_HUMAN,P31949,16,16,0
sp|P32969|RL9_HUMAN,P32969,7,7,0
sp|P33176|KINH_HUMAN,P33176,24,24,0
sp|P35237|SPB6_HUMAN,P35237,10,10,0
sp|P35244|RFA3_HUMAN,P35244,4,4,0
sp|P37198|NUP62_HUMAN,P37198,5,5,0
sp|P42025|ACTY_HUMAN,P42025,3,3,0
sp|P42677|RS27_HUMAN,P42677,2,2,0
sp|P45877|PPIC_HUMAN,P45877,2,2,0
sp|P46926|GNPI1_HUMAN,P46926,9,9,0
sp|P47755|CAZA2_HUMAN,P47755,4,4,0
sp|P47813|IF1AX_HUMAN,P47813,6,6,0
sp|P48643|TCPE_HUMAN,P48643,42,42,0
sp|P49207|RL34_HUMAN,P49207,5,5,0
sp|P50552|VASP_HUMAN,P50552,14,14,0
sp|P51153|RAB13_HUMAN,P51153,5,5,0
sp|P51571|SSRD_HUMAN,P51571,5,5,0
sp|P51665|PSMD7_HUMAN,P51665,10,10,0
sp|P55957|BID_HUMAN,P55957,3,3,0
sp|P56192|SYMC_HUMAN,P56192,13,13,0
sp|P56385|ATP5I_HUMAN,P56385,7,7,0
sp|P56537|IF6_HUMAN,P56537,6,6,0
sp|P58546|MTPN_HUMAN,P58546,12,12,0
sp|P60033|CD81_HUMAN,P60033,4,4,0
sp|P61024|CKS1_HUMAN,P61024,3,3,0
sp|P61086|UBE2K_HUMAN,P61086,4,4,0
sp|P61088|UBE2N_HUMAN,P61088,13,13,0
sp|P61457|PHS_HUMAN,P61457,10,10,0
sp|P61604|CH10_HUMAN,P61604,36,36,0
sp|P62136|PP1A_HUMAN,P62136,5,5,0
sp|P62195|PRS8_HUMAN,P62195,13,13,0
sp|P62304|RUXE_HUMAN,P62304,3,3,0
sp|P62877|RBX1_HUMAN,P62877,3,3,0
sp|P62888|RL30_HUMAN,P62888,8,8,0
sp|P62942|FKB1A_HUMAN,P62942,13,13,0
sp|P62979|RS27A_HUMAN,P62979,39,39,0
sp|P63165|SUMO1_HUMAN,P63165,3,3,0
sp|P67870|CSK2B_HUMAN,P67870,6,6,0
sp|P82663|RT25_HUMAN,P82663,3,3,0
sp|P82673|RT35_HUMAN,P82673,8,8,0
sp|P82930|RT34_HUMAN,P82930,6,6,0
sp|P82933|RT09_HUMAN,P82933,2,2,0
sp|P83436|COG7_HUMAN,P83436,4,4,0
sp|P98179|RBM3_HUMAN,P98179,7,7,0
sp|Q00403|TF2B_HUMAN,Q00403,3,3,0
sp|Q01469|FABP5_HUMAN,Q01469,20,20,0
sp|Q01650|LAT1_HUMAN,Q01650,7,7,0
sp|Q05209|PTN12_HUMAN,Q05209,5,5,0
sp|Q06203|PUR1_HUMAN,Q06203,5,5,0
sp|Q06830|PRDX1_HUMAN,Q06830,85,85,0
sp|Q07960|RHG01_HUMAN,Q07960,10,10,0
sp|Q10471|GALT2_HUMAN,Q10471,5,5,0
sp|Q12996|CSTF3_HUMAN,Q12996,2,2,0
sp|Q13084|RM28_HUMAN,Q13084,2,2,0
sp|Q13148|TADBP_HUMAN,Q13148,8,8,0
sp|Q13410|BT1A1_HUMAN,Q13410,2,2,0
sp|Q13442|HAP28_HUMAN,Q13442,15,15,0
sp|Q13895|BYST_HUMAN,Q13895,4,4,0
sp|Q14108|SCRB2_HUMAN,Q14108,3,3,0
sp|Q14151|SAFB2_HUMAN,Q14151,5,5,0
sp|Q14166|TTL12_HUMAN,Q14166,5,5,0
sp|Q14247|SRC8_HUMAN,Q14247,33,33,0
sp|Q14254|FLOT2_HUMAN,Q14254,8,8,0
sp|Q14696|MESD_HUMAN,Q14696,10,10,0
sp|Q15008|PSMD6_HUMAN,Q15008,12,12,0
sp|Q15126|PMVK_HUMAN,Q15126,6,6,0
sp|Q15181|IPYR_HUMAN,Q15181,19,19,0
sp|Q15286|RAB35_HUMAN,Q15286,3,3,0
sp|Q15691|MARE1_HUMAN,Q15691,23,23,0
sp|Q15942|ZYX_HUMAN,Q15942,8,8,0
sp|Q16763|UBE2S_HUMAN,Q16763,3,3,0
sp|Q53H96|P5CR3_HUMAN,Q53H96,8,8,0
sp|Q5U5X0|LYRM7_HUMAN,Q5U5X0,2,2,0
sp|Q5VTR2|BRE1A_HUMAN,Q5VTR2,5,5,0
sp|Q5VWZ2|LYPL1_HUMAN,Q5VWZ2,3,3,0
sp|Q6DD88|ATLA3_HUMAN,Q6DD88,7,7,0
sp|Q6NZI2|CAVN1_HUMAN,Q6NZI2,8,8,0
sp|Q6PI78|TMM65_HUMAN,Q6PI78,4,4,0
sp|Q6PUV4|CPLX2_HUMAN,Q6PUV4,8,8,0
sp|Q6UW68|TM205_HUMAN,Q6UW68,5,5,0
sp|Q6ZRP7|QSOX2_HUMAN,Q6ZRP7,4,4,0
sp|Q71UM5|RS27L_HUMAN,Q71UM5,7,7,0
sp|Q7LBR1|CHM1B_HUMAN,Q7LBR1,3,3,0
sp|Q7Z4W1|DCXR_HUMAN,Q7Z4W1,3,3,0
sp|Q86SF2|GALT7_HUMAN,Q86SF2,6,6,0
sp|Q86VS8|HOOK3_HUMAN,Q86VS8,4,4,0
sp|Q8IWE2|NXP20_HUMAN,Q8IWE2,6,6,0
sp|Q8IXM3|RM41_HUMAN,Q8IXM3,2,2,0
sp|Q8N1F7|NUP93_HUMAN,Q8N1F7,18,18,0
sp|Q8N5K1|CISD2_HUMAN,Q8N5K1,4,4,0
sp|Q8NBJ7|SUMF2_HUMAN,Q8NBJ7,8,8,0
sp|Q8TCD5|NT5C_HUMAN,Q8TCD5,2,2,0
sp|Q8WUH6|TM263_HUMAN,Q8WUH6,2,2,0
sp|Q8WVJ2|NUDC2_HUMAN,Q8WVJ2,6,6,0
sp|Q8WWH5|TRUB1_HUMAN,Q8WWH5,3,3,0
sp|Q92597|NDRG1_HUMAN,Q92597,4,4,0
sp|Q92600|CNOT9_HUMAN,Q92600,5,5,0
sp|Q92905|CSN5_HUMAN,Q92905,8,8,0
sp|Q969Q0|RL36L_HUMAN,Q969Q0,5,5,0
sp|Q96AG4|LRC59_HUMAN,Q96AG4,17,17,0
sp|Q96C01|F136A_HUMAN,Q96C01,8,8,0
sp|Q96C19|EFHD2_HUMAN,Q96C19,10,10,0
sp|Q96DV4|RM38_HUMAN,Q96DV4,4,4,0
sp|Q96EY7|PTCD3_HUMAN,Q96EY7,4,4,0
sp|Q96G03|PGM2_HUMAN,Q96G03,3,3,0
sp|Q96GX9|MTNB_HUMAN,Q96GX9,6,6,0
sp|Q99442|SEC62_HUMAN,Q99442,4,4,0
sp|Q99459|CDC5L_HUMAN,Q99459,3,3,0
sp|Q99543|DNJC2_HUMAN,Q99543,11,11,0
sp|Q9BR61|ACBD6_HUMAN,Q9BR61,5,5,0
sp|Q9BRG1|VPS25_HUMAN,Q9BRG1,2,2,0
sp|Q9BRJ6|CG050_HUMAN,Q9BRJ6,3,3,0
sp|Q9BSV6|SEN34_HUMAN,Q9BSV6,2,2,0
sp|Q9BU89|DOHH_HUMAN,Q9BU89,2,2,0
sp|Q9BUL8|PDC10_HUMAN,Q9BUL8,3,3,0
sp|Q9BV44|THUM3_HUMAN,Q9BV44,2,2,0
sp|Q9BXV9|GON7_HUMAN,Q9BXV9,3,3,0
sp|Q9BZX2|UCK2_HUMAN,Q9BZX2,3,3,0
sp|Q9GZU8|PIP30_HUMAN,Q9GZU8,2,2,0
sp|Q9H0U4|RAB1B_HUMAN,Q9H0U4,3,3,0
sp|Q9H2W6|RM46_HUMAN,Q9H2W6,3,3,0
sp|Q9H3P2|NELFA_HUMAN,Q9H3P2,3,3,0
sp|Q9H9Q2|CSN7B_HUMAN,Q9H9Q2,2,2,0
sp|Q9HB07|MYG1_HUMAN,Q9HB07,10,10,0
sp|Q9HBL7|PLRKT_HUMAN,Q9HBL7,5,5,0
sp|Q9HC35|EMAL4_HUMAN,Q9HC35,12,12,0
sp|Q9NPE3|NOP10_HUMAN,Q9NPE3,6,6,0
sp|Q9NQR4|NIT2_HUMAN,Q9NQR4,14,14,0
sp|Q9NR50|EI2BG_HUMAN,Q9NR50,3,3,0
sp|Q9NR56|MBNL1_HUMAN,Q9NR56,8,8,0
sp|Q9NRF9|DPOE3_HUMAN,Q9NRF9,4,4,0
sp|Q9NRR5|UBQL4_HUMAN,Q9NRR5,4,4,0
sp|Q9NTM9|CUTC_HUMAN,Q9NTM9,1,1,0
sp|Q9NUJ1|ABHDA_HUMAN,Q9NUJ1,4,4,0
sp|Q9NUU7|DD19A_HUMAN,Q9NUU7,5,5,0
sp|Q9NWV4|CZIB_HUMAN,Q9NWV4,3,3,0
sp|Q9NX40|OCAD1_HUMAN,Q9NX40,9,9,0
sp|Q9NX62|IMPA3_HUMAN,Q9NX62,3,3,0
sp|Q9NZ32|ARP10_HUMAN,Q9NZ32,2,2,0
sp|Q9NZI8|IF2B1_HUMAN,Q9NZI8,24,24,0
sp|Q9NZL9|MAT2B_HUMAN,Q9NZL9,6,6,0
sp|Q9P013|CWC15_HUMAN,Q9P013,3,3,0
sp|Q9P0I2|EMC3_HUMAN,Q9P0I2,3,3,0
sp|Q9P0J0|NDUAD_HUMAN,Q9P0J0,3,3,0
sp|Q9P1F3|ABRAL_HUMAN,Q9P1F3,2,2,0
sp|Q9UBB4|ATX10_HUMAN,Q9UBB4,10,10,0
sp|Q9UBE0|SAE1_HUMAN,Q9UBE0,13,13,0
sp|Q9UBF6|RBX2_HUMAN,Q9UBF6,3,3,0
sp|Q9UHB9|SRP68_HUMAN,Q9UHB9,15,15,0
sp|Q9UI30|TR112_HUMAN,Q9UI30,5,5,0
sp|Q9UKY7|CDV3_HUMAN,Q9UKY7,9,9,0
sp|Q9UL25|RAB21_HUMAN,Q9UL25,3,3,0
sp|Q9ULX3|NOB1_HUMAN,Q9ULX3,2,2,0
sp|Q9UQN3|CHM2B_HUMAN,Q9UQN3,3,3,0
sp|Q9Y2S6|TMA7_HUMAN,Q9Y2S6,3,3,0
sp|Q9Y2Z4|SYYM_HUMAN,Q9Y2Z4,3,3,0
sp|Q9Y314|NOSIP_HUMAN,Q9Y314,3,3,0
sp|Q9Y3B2|EXOS1_HUMAN,Q9Y3B2,5,5,0
sp|Q9Y3B7|RM11_HUMAN,Q9Y3B7,9,9,0
sp|Q9Y3C6|PPIL1_HUMAN,Q9Y3C6,5,5,0
sp|Q9Y3E5|PTH2_HUMAN,Q9Y3E5,5,5,0
sp|Q9Y5L4|TIM13_HUMAN,Q9Y5L4,5,5,0
sp|Q9Y5X1|SNX9_HUMAN,Q9Y5X1,3,3,0
sp|Q9Y676|RT18B_HUMAN,Q9Y676,3,3,0
sp|Q9Y6G9|DC1L1_HUMAN,Q9Y6G9,10,10,0
sp|Q9Y6W5|WASF2_HUMAN,Q9Y6W5,3,3,0
sp|O15118|NPC1_HUMAN,O15118,2,2,0
sp|P51397|DAP1_HUMAN,P51397,3,3,0
sp|Q5QJE6|TDIF2_HUMAN,Q5QJE6,2,2,0
sp|Q8WW59|SPRY4_HUMAN,Q8WW59,2,2,0
sp|Q96BN8|OTUL_HUMAN,Q96BN8,2,2,0
sp|Q99519|NEUR1_HUMAN,Q99519,1,1,0
sp|Q9Y6A9|SPCS1_HUMAN,Q9Y6A9,2,2,0
sp|P61599|NAA20_HUMAN,P61599,2,2,0
sp|Q5BJF2|SGMR2_HUMAN,Q5BJF2,3,3,0
sp|Q96B54|ZN428_HUMAN,Q96B54,2,2,0
sp|Q9H814|PHAX_HUMAN,Q9H814,2,2,0
sp|P16402|H13_HUMAN,P16402,2,2,0
sp|Q9BS40|LXN_HUMAN,Q9BS40,2,2,0
sp|Q96JM3|CHAP1_HUMAN,Q96JM3,2,2,0
sp|Q9BTU6|P4K2A_HUMAN,Q9BTU6,2,2,0
sp|Q6P5R6|RL22L_HUMAN,Q6P5R6,3,3,0
sp|Q9GZY4|COA1_HUMAN,Q9GZY4,1,1,0
sp|P83881|RL36A_HUMAN,P83881,1,1,0
sp|P84085|ARF5_HUMAN,P84085,1,1,0
sp|Q8IVL6|P3H3_HUMAN,Q8IVL6,1,1,0
sp|Q92930|RAB8B_HUMAN,Q92930,1,1,0
sp|Q15072|OZF_HUMAN,Q15072,1,1,0
sp|Q9NX24|NHP2_HUMAN,Q9NX24,2,2,0
sp|O14925|TIM23_HUMAN,O14925,2,2,0
sp|Q96H79|ZCCHL_HUMAN,Q96H79,1,1,0
sp|Q8WVK2|SNR27_HUMAN,Q8WVK2,1,1,0
sp|P43007|SATT_HUMAN,P43007,1,1,0
sp|Q9Y3B9|RRP15_HUMAN,Q9Y3B9,2,2,0
sp|Q9C0J8|WDR33_HUMAN,Q9C0J8,2,2,0
sp|Q8WV24|PHLA1_HUMAN,Q8WV24,1,1,0
sp|Q96EL2|RT24_HUMAN,Q96EL2,2,2,0
sp|O15541|R113A_HUMAN,O15541,2,2,0
sp|P61020|RAB5B_HUMAN,P61020,2,2,0
sp|P80297|MT1X_HUMAN,P80297,1,1,0
sp|Q8WXD5|GEMI6_HUMAN,Q8WXD5,1,1,0
sp|Q16594|TAF9_HUMAN,Q16594,1,1,0
sp|A6NHQ2|FBLL1_HUMAN,A6NHQ2,1,1,0
sp|P41236|IPP2_HUMAN,P41236,1,1,0
sp|Q14061|COX17_HUMAN,Q14061,1,1,0
sp|Q15427|SF3B4_HUMAN,Q15427,2,2,0
sp|Q5T1J5|CHCH9_HUMAN,Q5T1J5,2,2,0
sp|P61960|UFM1_HUMAN,P61960,1,1,0
sp|Q4U2R6|RM51_HUMAN,Q4U2R6,1,1,0
sp|Q9NRX1|PNO1_HUMAN,Q9NRX1,1,1,0
sp|P27449|VATL_HUMAN,P27449,1,1,0
sp|Q96KC8|DNJC1_HUMAN,Q96KC8,1,1,0
sp|P05114|HMGN1_HUMAN,P05114,1,1,0
sp|Q15363|TMED2_HUMAN,Q15363,1,1,0
sp|Q9P0M9|RM27_HUMAN,Q9P0M9,2,2,0
sp|Q9BW61|DDA1_HUMAN,Q9BW61,1,1,0
sp|P15848|ARSB_HUMAN,P15848,1,1,0
sp|P42830|CXCL5_HUMAN,P42830,1,1,0
sp|Q9H2H8|PPIL3_HUMAN,Q9H2H8,1,1,0
sp|O43677|NDUC1_HUMAN,O43677,1,1,0
sp|P60059|SC61G_HUMAN,P60059,1,1,0
sp|Q9Y3E2|BOLA1_HUMAN,Q9Y3E2,1,1,0
sp|P01034|CYTC_HUMAN,P01034,1,1,0
sp|Q15645|PCH2_HUMAN,Q15645,1,1,0
sp|Q7L266|ASGL1_HUMAN,Q7L266,1,1,0
sp|Q5TBB1|RNH2B_HUMAN,Q5TBB1,1,1,0
sp|Q9P270|SLAI2_HUMAN,Q9P270,1,1,0
sp|O43286|B4GT5_HUMAN,O43286,2,2,0
sp|P07902|GALT_HUMAN,P07902,1,1,0
sp|Q0VDF9|HSP7E_HUMAN,Q0VDF9,1,1,0
sp|Q63HM9|PLCX3_HUMAN,Q63HM9,1,1,0
sp|O95999|BCL10_HUMAN,O95999,1,1,0
sp|Q96EK5|KBP_HUMAN,Q96EK5,1,1,0
sp|P13284|GILT_HUMAN,P13284,1,1,0
sp|Q9BSE5|SPEB_HUMAN,Q9BSE5,1,1,0
sp|Q9NX76|CKLF6_HUMAN,Q9NX76,1,1,0
sp|O43402|EMC8_HUMAN,O43402,1,1,0
sp|Q9HC36|MRM3_HUMAN,Q9HC36,1,1,0
sp|Q8N9N7|LRC57_HUMAN,Q8N9N7,1,1,0
sp|Q86SZ2|TPC6B_HUMAN,Q86SZ2,1,1,0
sp|Q86Y79|PTH_HUMAN,Q86Y79,1,1,0
sp|Q8IWZ8|SUGP1_HUMAN,Q8IWZ8,1,1,0
sp|P86790|CCZ1B_HUMAN,P86790,1,1,0
sp|Q9HCU8|DPOD4_HUMAN,Q9HCU8,1,1,0
sp|Q96B26|EXOS8_HUMAN,Q96B26,1,1,0
sp|Q13488|VPP3_HUMAN,Q13488,1,1,0
sp|Q9NRW3|ABC3C_HUMAN,Q9NRW3,1,1,0
sp|O43929|ORC4_HUMAN,O43929,1,1,0
sp|Q9HAB3|S52A2_HUMAN,Q9HAB3,1,1,0
sp|P28325|CYTD_HUMAN,P28325,1,1,0
sp|P0DI83|NARR_HUMAN,P0DI83,1,1,0
sp|O94817|ATG12_HUMAN,O94817,1,1,0
sp|Q86WX3|AROS_HUMAN,Q86WX3,1,1,0
sp|Q7Z4Q2|HEAT3_HUMAN,Q7Z4Q2,1,1,0
sp|Q7Z4R8|CF120_HUMAN,Q7Z4R8,1,1,0
sp|Q8WTS1|ABHD5_HUMAN,Q8WTS1,1,1,0
sp|O00399|DCTN6_HUMAN,O00399,1,1,0
sp|P61165|TM258_HUMAN,P61165,1,1,0
sp|Q9NXV2|KCTD5_HUMAN,Q9NXV2,1,1,0
sp|Q9BYD6|RM01_HUMAN,Q9BYD6,1,1,0
